,Jc
0,0.2540944516658783
1,0.3352252244949341
2,0.41963326930999756
3,0.5089907646179199
4,0.6070629358291626
5,0.720507800579071
6,0.8352659940719604
7,0.9705706834793091
8,1.1077492237091064
9,1.265199065208435
10,1.3954145908355713
11,1.5561285018920898
12,1.7202630043029785
13,1.8846718072891235
14,2.0589427947998047
15,2.2434356212615967
16,2.438478946685791
17,2.5934853553771973
18,2.7892847061157227
19,3.035006523132324
20,3.208756446838379
21,3.3868138790130615
22,3.586244583129883
23,3.7603626251220703
24,3.970860481262207
25,4.159073829650879
26,4.344225883483887
27,4.4865922927856445
28,4.649807929992676
29,4.805320739746094
30,4.951913833618164
31,5.086120128631592
32,5.233854293823242
33,5.290313243865967
34,5.4290385246276855
35,5.474200248718262
36,5.535865306854248
37,5.55684232711792
38,5.5805511474609375
39,5.620423316955566
40,5.692632675170898
41,5.6741156578063965
42,5.654825210571289
43,5.674337387084961
44,5.602399826049805
45,5.550671577453613
46,5.457489967346191
47,5.424069881439209
48,5.406826496124268
49,5.341518402099609
50,5.31107234954834
51,5.2545928955078125
52,5.187466144561768
53,5.2070512771606445
54,5.104729652404785
55,5.008815765380859
56,5.010527610778809
57,5.034995079040527
58,4.933267593383789
59,4.897469520568848
60,4.8289642333984375
61,4.738030433654785
62,4.701020240783691
63,4.664762496948242
64,4.610811710357666
65,4.553986549377441
66,4.549997329711914
67,4.5013837814331055
68,4.463267803192139
69,4.456692695617676
70,4.401359558105469
71,4.371068477630615
72,4.333563804626465
73,4.291229724884033
74,4.294992923736572
75,4.290660858154297
76,4.232782363891602
77,4.242560386657715
78,4.174785614013672
79,4.1644768714904785
80,4.1306023597717285
81,4.107400894165039
82,4.116230487823486
83,4.059155464172363
84,4.028048515319824
85,4.026513576507568
86,3.994788646697998
87,3.990929126739502
88,3.937483787536621
89,3.9466302394866943
90,3.9078447818756104
91,3.868242025375366
92,3.8076534271240234
93,3.8122382164001465
94,3.8291268348693848
95,3.7895679473876953
96,3.7991650104522705
97,3.7499096393585205
98,3.757762908935547
99,3.712034225463867
100,3.7204551696777344
101,3.7104921340942383
102,3.66032075881958
103,3.6324446201324463
104,3.6308000087738037
105,3.6020243167877197
106,3.5844900608062744
107,3.5680153369903564
108,3.573935031890869
109,3.5454423427581787
110,3.5456559658050537
111,3.5211048126220703
112,3.5043230056762695
113,3.510648488998413
114,3.48793888092041
115,3.481166362762451
116,3.4541220664978027
117,3.4509987831115723
118,3.435826301574707
119,3.4272356033325195
120,3.4079196453094482
121,3.387547731399536
122,3.371002674102783
123,3.3566336631774902
124,3.3697173595428467
125,3.3423469066619873
126,3.3184704780578613
127,3.3335304260253906
128,3.310063600540161
129,3.3123202323913574
130,3.284698963165283
131,3.287181854248047
132,3.2793328762054443
133,3.2656044960021973
134,3.2552008628845215
135,3.235142707824707
136,3.235210657119751
137,3.237055778503418
138,3.2243800163269043
139,3.2108781337738037
140,3.2106103897094727
141,3.1950111389160156
142,3.1736369132995605
143,3.1767210960388184
144,3.1644649505615234
145,3.131701946258545
146,3.139362335205078
147,3.1162118911743164
148,3.1228134632110596
149,3.1143510341644287
150,3.11202073097229
151,3.1094887256622314
152,3.097423553466797
153,3.069784641265869
154,3.0719566345214844
155,3.0485332012176514
156,3.056621789932251
157,3.0487358570098877
158,3.059504985809326
159,3.0352463722229004
160,3.0300703048706055
161,3.0367703437805176
162,3.0074329376220703
163,3.0099945068359375
164,3.021336793899536
165,2.9706597328186035
166,2.988137722015381
167,2.9668350219726562
168,2.962944984436035
169,2.960395336151123
170,2.9537224769592285
171,2.9368979930877686
172,2.9299721717834473
173,2.9317870140075684
174,2.919694662094116
175,2.927762985229492
176,2.8983354568481445
177,2.887345314025879
178,2.891573429107666
179,2.8822083473205566
180,2.880204677581787
181,2.8724467754364014
182,2.8708090782165527
183,2.8556764125823975
184,2.842299461364746
185,2.8433144092559814
186,2.829986333847046
187,2.831859588623047
188,2.830007553100586
189,2.8278708457946777
190,2.807380199432373
191,2.800628185272217
192,2.8115406036376953
193,2.795654773712158
194,2.780003070831299
195,2.7764158248901367
196,2.760159969329834
197,2.7644314765930176
198,2.7487733364105225
199,2.7483596801757812
200,2.730227470397949
201,2.7311058044433594
202,2.7263925075531006
203,2.725609064102173
204,2.7227253913879395
205,2.7099781036376953
206,2.7098560333251953
207,2.710655689239502
208,2.7035322189331055
209,2.6774520874023438
210,2.692814588546753
211,2.681901693344116
212,2.6901211738586426
213,2.681673049926758
214,2.672335147857666
215,2.6684517860412598
216,2.6554722785949707
217,2.653484582901001
218,2.6439638137817383
219,2.6302709579467773
220,2.6350326538085938
221,2.632051944732666
222,2.628833055496216
223,2.641291618347168
224,2.6165475845336914
225,2.6111273765563965
226,2.615554094314575
227,2.6082863807678223
228,2.6227450370788574
229,2.6154520511627197
230,2.602330207824707
231,2.606936454772949
232,2.5863494873046875
233,2.5926365852355957
234,2.5940146446228027
235,2.59373140335083
236,2.5968689918518066
237,2.5845119953155518
238,2.5571770668029785
239,2.576113700866699
240,2.5630412101745605
241,2.5707244873046875
242,2.565901279449463
243,2.565718173980713
244,2.55538010597229
245,2.533752679824829
246,2.523913621902466
247,2.5341591835021973
248,2.5192148685455322
249,2.5248188972473145
250,2.517667293548584
251,2.5194668769836426
252,2.515610694885254
253,2.5089948177337646
254,2.506261110305786
255,2.496598243713379
256,2.5185959339141846
257,2.511355400085449
258,2.48117733001709
259,2.480360507965088
260,2.485039710998535
261,2.4816927909851074
262,2.481497049331665
263,2.482254981994629
264,2.48078989982605
265,2.4826600551605225
266,2.476865768432617
267,2.477316379547119
268,2.4720587730407715
269,2.4635396003723145
270,2.4772183895111084
271,2.4718973636627197
272,2.478205442428589
273,2.4618477821350098
274,2.4655494689941406
275,2.47009015083313
276,2.4511489868164062
277,2.453752040863037
278,2.44077730178833
279,2.447610378265381
280,2.444885730743408
281,2.438459873199463
282,2.426875114440918
283,2.4246368408203125
284,2.428351402282715
285,2.430126190185547
286,2.4240899085998535
287,2.4241907596588135
288,2.413538932800293
289,2.41456937789917
290,2.4107513427734375
291,2.3988656997680664
292,2.4093124866485596
293,2.3948731422424316
294,2.3832056522369385
295,2.3835976123809814
296,2.3896617889404297
297,2.3838696479797363
298,2.382274627685547
299,2.393253803253174
300,2.3754539489746094
301,2.3761682510375977
302,2.366715669631958
303,2.380072593688965
304,2.383380651473999
305,2.3766162395477295
306,2.376274585723877
307,2.369976282119751
308,2.3612239360809326
309,2.369208335876465
310,2.364193916320801
311,2.3663694858551025
312,2.361745834350586
313,2.3694849014282227
314,2.3626062870025635
315,2.3625035285949707
316,2.353578567504883
317,2.351633071899414
318,2.358416795730591
319,2.346604824066162
320,2.3507649898529053
321,2.3453879356384277
322,2.33475923538208
323,2.3342089653015137
324,2.3307859897613525
325,2.3397860527038574
326,2.3402884006500244
327,2.3308115005493164
328,2.3271679878234863
329,2.320899486541748
330,2.319214105606079
331,2.3108882904052734
332,2.3244032859802246
333,2.3104052543640137
334,2.319003105163574
335,2.318418502807617
336,2.311246871948242
337,2.3200223445892334
338,2.315035343170166
339,2.3199429512023926
340,2.306168794631958
341,2.299680233001709
342,2.298004150390625
343,2.2987253665924072
344,2.291922092437744
345,2.3023056983947754
346,2.293692111968994
347,2.293846607208252
348,2.288311004638672
349,2.2824578285217285
350,2.2939162254333496
351,2.2942452430725098
352,2.2929763793945312
353,2.288999557495117
354,2.295560359954834
355,2.297640323638916
356,2.29079270362854
357,2.2869629859924316
358,2.278966188430786
359,2.285646915435791
360,2.2756125926971436
361,2.2800986766815186
362,2.2594716548919678
363,2.2838456630706787
364,2.279083728790283
365,2.2807271480560303
366,2.2799530029296875
367,2.276472568511963
368,2.2739620208740234
369,2.2569026947021484
370,2.270648956298828
371,2.269357681274414
372,2.265432596206665
373,2.258305549621582
374,2.266955852508545
375,2.2568917274475098
376,2.258162021636963
377,2.2685117721557617
378,2.256150245666504
379,2.255014181137085
380,2.2576985359191895
381,2.263235092163086
382,2.266037702560425
383,2.2679338455200195
384,2.264517307281494
385,2.2517781257629395
386,2.2555460929870605
387,2.2487030029296875
388,2.2547194957733154
389,2.263869524002075
390,2.2548227310180664
391,2.250412940979004
392,2.2419681549072266
393,2.243140935897827
394,2.241025686264038
395,2.2360219955444336
396,2.2472476959228516
397,2.235231399536133
398,2.2399442195892334
399,2.242703914642334
400,2.2498908042907715
401,2.246551036834717
402,2.250366687774658
403,2.245610237121582
404,2.2353713512420654
405,2.244704484939575
406,2.2432963848114014
407,2.2426514625549316
408,2.238478899002075
409,2.2391107082366943
410,2.249016284942627
411,2.243372917175293
412,2.2264273166656494
413,2.228665828704834
414,2.2289109230041504
415,2.224247455596924
416,2.2211055755615234
417,2.2241547107696533
418,2.2267229557037354
419,2.231367826461792
420,2.221174955368042
421,2.2193171977996826
422,2.2197818756103516
423,2.2109084129333496
424,2.219771146774292
425,2.230156898498535
426,2.218069553375244
427,2.215510368347168
428,2.2194862365722656
429,2.2107014656066895
430,2.208768129348755
431,2.2021470069885254
432,2.2209227085113525
433,2.215301752090454
434,2.211181402206421
435,2.213289737701416
436,2.2030749320983887
437,2.196866989135742
438,2.206347703933716
439,2.203892230987549
440,2.210179090499878
441,2.2025814056396484
442,2.2179784774780273
443,2.206681489944458
444,2.21236515045166
445,2.204124927520752
446,2.2065560817718506
447,2.201744556427002
448,2.1984875202178955
449,2.2046451568603516
450,2.205320358276367
451,2.194967269897461
452,2.2059788703918457
453,2.187842845916748
454,2.196483850479126
455,2.190070152282715
456,2.2002923488616943
457,2.2023911476135254
458,2.203780174255371
459,2.2002081871032715
460,2.189246892929077
461,2.191201686859131
462,2.1999764442443848
463,2.1976349353790283
464,2.18290114402771
465,2.2033019065856934
466,2.1879234313964844
467,2.197782039642334
468,2.1905360221862793
469,2.183547019958496
470,2.189828872680664
471,2.195549488067627
472,2.1910343170166016
473,2.1802988052368164
474,2.18108868598938
475,2.1874217987060547
476,2.1826982498168945
477,2.1746745109558105
478,2.180079936981201
479,2.1793878078460693
480,2.1845479011535645
481,2.1681458950042725
482,2.174976348876953
483,2.174582004547119
484,2.183908700942993
485,2.1719279289245605
486,2.165083646774292
487,2.1769022941589355
488,2.1659789085388184
489,2.1646268367767334
490,2.1581859588623047
491,2.1646125316619873
492,2.166158676147461
493,2.1626243591308594
494,2.165835380554199
495,2.1763429641723633
496,2.159883499145508
497,2.1519768238067627
498,2.1644437313079834
499,2.168285369873047
500,2.1743545532226562
501,2.1785624027252197
502,2.1726560592651367
503,2.172342300415039
504,2.1770429611206055
505,2.170942783355713
506,2.1631712913513184
507,2.168889045715332
508,2.1682918071746826
509,2.1693406105041504
510,2.171598196029663
511,2.1595003604888916
512,2.169304609298706
513,2.169260263442993
514,2.1625823974609375
515,2.15915584564209
516,2.1547317504882812
517,2.1690685749053955
518,2.1554648876190186
519,2.1561667919158936
520,2.163727045059204
521,2.154183864593506
522,2.1613950729370117
523,2.156672477722168
524,2.162600517272949
525,2.168182373046875
526,2.1609861850738525
527,2.1605305671691895
528,2.167167901992798
529,2.1748180389404297
530,2.1570684909820557
531,2.166449546813965
532,2.1629092693328857
533,2.1680312156677246
534,2.159931182861328
535,2.1560440063476562
536,2.1592514514923096
537,2.1539580821990967
538,2.160203218460083
539,2.152299642562866
540,2.159964084625244
541,2.1575980186462402
542,2.1628031730651855
543,2.165729284286499
544,2.163173198699951
545,2.162109851837158
546,2.167508125305176
547,2.151460647583008
548,2.1658475399017334
549,2.161647319793701
550,2.1610841751098633
551,2.1665408611297607
552,2.1702351570129395
553,2.161031484603882
554,2.155280828475952
555,2.1533658504486084
556,2.1563940048217773
557,2.1498069763183594
558,2.1517672538757324
559,2.1489768028259277
560,2.1506407260894775
561,2.149170398712158
562,2.153519630432129
563,2.154794931411743
564,2.155489921569824
565,2.1525917053222656
566,2.146918296813965
567,2.146657943725586
568,2.149970531463623
569,2.1492812633514404
570,2.1405928134918213
571,2.1533074378967285
572,2.1512093544006348
573,2.1417715549468994
574,2.1373751163482666
575,2.1346898078918457
576,2.139178514480591
577,2.1421995162963867
578,2.1399245262145996
579,2.1412930488586426
580,2.145914316177368
581,2.1425724029541016
582,2.1350793838500977
583,2.1302425861358643
584,2.129591226577759
585,2.1279468536376953
586,2.1354050636291504
587,2.1308176517486572
588,2.132068157196045
589,2.1350574493408203
590,2.142583131790161
591,2.134639024734497
592,2.1424269676208496
593,2.1429266929626465
594,2.145653009414673
595,2.1381232738494873
596,2.138607978820801
597,2.1381888389587402
598,2.1369142532348633
599,2.1506073474884033
600,2.154827117919922
601,2.148580551147461
602,2.143575668334961
603,2.144174098968506
604,2.1381168365478516
605,2.1369991302490234
606,2.141157865524292
607,2.142416000366211
608,2.1409852504730225
609,2.1387553215026855
610,2.1368088722229004
611,2.143606662750244
612,2.136324405670166
613,2.1391661167144775
614,2.1446428298950195
615,2.139289379119873
616,2.136228561401367
617,2.132357358932495
618,2.1333141326904297
619,2.136362314224243
620,2.135584831237793
621,2.137681484222412
622,2.146130084991455
623,2.1433095932006836
624,2.1463091373443604
625,2.1448733806610107
626,2.1466517448425293
627,2.146299362182617
628,2.135040283203125
629,2.13958740234375
630,2.1314663887023926
631,2.1320347785949707
632,2.1431655883789062
633,2.137422561645508
634,2.1446104049682617
635,2.1365725994110107
636,2.1504158973693848
637,2.1294188499450684
638,2.1337616443634033
639,2.143535852432251
640,2.144662857055664
641,2.138199806213379
642,2.127562999725342
643,2.1292600631713867
644,2.128608226776123
645,2.13090181350708
646,2.132465362548828
647,2.136793613433838
648,2.142301082611084
649,2.130509614944458
650,2.138888120651245
651,2.132011890411377
652,2.1339120864868164
653,2.140214681625366
654,2.136232376098633
655,2.1383566856384277
656,2.1298837661743164
657,2.1290080547332764
658,2.1296420097351074
659,2.125605583190918
660,2.1356606483459473
661,2.135571002960205
662,2.1309092044830322
663,2.1240029335021973
664,2.121140718460083
665,2.1348423957824707
666,2.129514217376709
667,2.125811815261841
668,2.1188154220581055
669,2.128810405731201
670,2.1200575828552246
671,2.123875617980957
672,2.130436420440674
673,2.114987850189209
674,2.126636266708374
675,2.1190896034240723
676,2.122006893157959
677,2.1303794384002686
678,2.126405715942383
679,2.126312732696533
680,2.122866153717041
681,2.12614369392395
682,2.1208207607269287
683,2.1218137741088867
684,2.120574474334717
685,2.120598316192627
686,2.128066062927246
687,2.118727207183838
688,2.115323305130005
689,2.1210076808929443
690,2.1197991371154785
691,2.1313059329986572
692,2.131067991256714
693,2.130925178527832
694,2.1309218406677246
695,2.124215602874756
696,2.1381595134735107
697,2.1206717491149902
698,2.1181883811950684
699,2.1179237365722656
700,2.1212844848632812
701,2.1229004859924316
702,2.120908498764038
703,2.119032621383667
704,2.1113576889038086
705,2.1178321838378906
706,2.105273962020874
707,2.107465982437134
708,2.109818458557129
709,2.1149282455444336
710,2.1148335933685303
711,2.1123099327087402
712,2.124606132507324
713,2.121549129486084
714,2.123009204864502
715,2.1202616691589355
716,2.1196720600128174
717,2.131343126296997
718,2.1361277103424072
719,2.126300573348999
720,2.1232962608337402
721,2.1184489727020264
722,2.1159584522247314
723,2.11645770072937
724,2.1150190830230713
725,2.1262993812561035
726,2.1109445095062256
727,2.116278886795044
728,2.1194915771484375
729,2.116096258163452
730,2.120466709136963
731,2.1160759925842285
732,2.1135637760162354
733,2.120689868927002
734,2.1190009117126465
735,2.119718551635742
736,2.1174442768096924
737,2.123720645904541
738,2.127647876739502
739,2.119091033935547
740,2.124544620513916
741,2.121269702911377
742,2.11972713470459
743,2.1178998947143555
744,2.1284947395324707
745,2.1338324546813965
746,2.12064790725708
747,2.114881753921509
748,2.1242852210998535
749,2.114598274230957
750,2.1216111183166504
751,2.1252832412719727
752,2.12184476852417
753,2.1204423904418945
754,2.1113319396972656
755,2.11356782913208
756,2.102278232574463
757,2.115837335586548
758,2.104036331176758
759,2.1109256744384766
760,2.101980209350586
761,2.10588002204895
762,2.0997822284698486
763,2.106354236602783
764,2.102062702178955
765,2.106417417526245
766,2.1130218505859375
767,2.109109878540039
768,2.105530261993408
769,2.0998079776763916
770,2.106330633163452
771,2.105581760406494
772,2.105780839920044
773,2.107889175415039
774,2.1037793159484863
775,2.109727144241333
776,2.112980365753174
777,2.111680507659912
778,2.110024929046631
779,2.112483501434326
780,2.111889123916626
781,2.1124095916748047
782,2.1144723892211914
783,2.1117563247680664
784,2.1031899452209473
785,2.1200265884399414
786,2.1255180835723877
787,2.1231131553649902
788,2.123889923095703
789,2.1101202964782715
790,2.120750904083252
791,2.1209511756896973
792,2.119907855987549
793,2.1241455078125
794,2.1125588417053223
795,2.109837293624878
796,2.1176254749298096
797,2.104818105697632
798,2.109861373901367
799,2.1029462814331055
800,2.103419303894043
801,2.1057584285736084
802,2.1116034984588623
803,2.107790231704712
804,2.113020896911621
805,2.1074342727661133
806,2.106846332550049
807,2.115344285964966
808,2.1161141395568848
809,2.1185812950134277
810,2.121951103210449
811,2.1171751022338867
812,2.113335371017456
813,2.1179990768432617
814,2.118943691253662
815,2.1156063079833984
816,2.1181752681732178
817,2.1274783611297607
818,2.11714506149292
819,2.118961811065674
820,2.1237449645996094
821,2.1280815601348877
822,2.130709648132324
823,2.139284133911133
824,2.132235288619995
825,2.13157320022583
826,2.129849433898926
827,2.1347227096557617
828,2.1302380561828613
829,2.1272501945495605
830,2.1349594593048096
831,2.1244137287139893
832,2.130335807800293
833,2.1234781742095947
834,2.1266884803771973
835,2.1246399879455566
836,2.1309714317321777
837,2.129286766052246
838,2.1325693130493164
839,2.129615545272827
840,2.1327366828918457
841,2.128750801086426
842,2.136082649230957
843,2.123995780944824
844,2.1288716793060303
845,2.1440553665161133
846,2.14544677734375
847,2.1315431594848633
848,2.1335244178771973
849,2.1404290199279785
850,2.143522262573242
851,2.127779245376587
852,2.141986608505249
853,2.1500582695007324
854,2.1401431560516357
855,2.1376726627349854
856,2.138625144958496
857,2.1338694095611572
858,2.1377315521240234
859,2.149045944213867
860,2.14479398727417
861,2.1397900581359863
862,2.142871379852295
863,2.145322799682617
864,2.1444358825683594
865,2.137756109237671
866,2.124678611755371
867,2.1302754878997803
868,2.134406805038452
869,2.1445391178131104
870,2.1506552696228027
871,2.132963180541992
872,2.1396563053131104
873,2.139331340789795
874,2.1303529739379883
875,2.1371593475341797
876,2.1353578567504883
877,2.1300227642059326
878,2.1414718627929688
879,2.1371212005615234
880,2.138444423675537
881,2.1464126110076904
882,2.1472718715667725
883,2.146514654159546
884,2.1440157890319824
885,2.136077404022217
886,2.136850595474243
887,2.136941432952881
888,2.1341896057128906
889,2.1427862644195557
890,2.132538318634033
891,2.133580207824707
892,2.1328749656677246
893,2.1457271575927734
894,2.139059066772461
895,2.142411231994629
896,2.1455557346343994
897,2.155313014984131
898,2.147890567779541
899,2.1528615951538086
900,2.15786075592041
901,2.1555440425872803
902,2.155414581298828
903,2.159503698348999
904,2.1652610301971436
905,2.1674795150756836
906,2.1617302894592285
907,2.155348539352417
908,2.1611132621765137
909,2.1589198112487793
910,2.1624810695648193
911,2.161242723464966
912,2.154278039932251
913,2.1548759937286377
914,2.1641669273376465
915,2.1676433086395264
916,2.1734743118286133
917,2.1711606979370117
918,2.1721291542053223
919,2.16715407371521
920,2.165269136428833
921,2.1671106815338135
922,2.1710712909698486
923,2.176377534866333
924,2.174142837524414
925,2.1694953441619873
926,2.1714718341827393
927,2.181607246398926
928,2.18119215965271
929,2.177529811859131
930,2.175687789916992
931,2.1814184188842773
932,2.1766555309295654
933,2.1718218326568604
934,2.169260025024414
935,2.1808011531829834
936,2.1817402839660645
937,2.1834800243377686
938,2.1856842041015625
939,2.190049409866333
940,2.188878059387207
941,2.1864609718322754
942,2.187285900115967
943,2.1821298599243164
944,2.1843013763427734
945,2.1803970336914062
946,2.1821980476379395
947,2.187972068786621
948,2.1874406337738037
949,2.1887691020965576
950,2.1910433769226074
951,2.1834988594055176
952,2.199795722961426
953,2.192319393157959
954,2.2015700340270996
955,2.2027430534362793
956,2.2043747901916504
957,2.2053849697113037
958,2.18668794631958
959,2.1997742652893066
960,2.193613290786743
961,2.1968884468078613
962,2.195932626724243
963,2.1988539695739746
964,2.200162887573242
965,2.20009708404541
966,2.200530767440796
967,2.2081716060638428
968,2.2139861583709717
969,2.2068448066711426
970,2.2209372520446777
971,2.214008092880249
972,2.214655876159668
973,2.216973304748535
974,2.20212984085083
975,2.1964855194091797
976,2.2145094871520996
977,2.207899570465088
978,2.2083897590637207
979,2.2044615745544434
980,2.212660312652588
981,2.210704803466797
982,2.2031283378601074
983,2.205312967300415
984,2.216972589492798
985,2.2045817375183105
986,2.210463285446167
987,2.222677230834961
988,2.2170896530151367
989,2.2173845767974854
990,2.2119152545928955
991,2.2203123569488525
992,2.2159650325775146
993,2.211751699447632
994,2.215588092803955
995,2.2090682983398438
996,2.2089505195617676
997,2.2131800651550293
998,2.2123639583587646
999,2.2067036628723145
1000,2.213418960571289
1001,2.2089903354644775
1002,2.21168851852417
1003,2.2103536128997803
1004,2.208841562271118
1005,2.2067084312438965
1006,2.2041172981262207
1007,2.2153544425964355
1008,2.2146005630493164
1009,2.2272229194641113
1010,2.2221264839172363
1011,2.2184548377990723
1012,2.216543197631836
1013,2.2160561084747314
1014,2.2119698524475098
1015,2.2237954139709473
1016,2.221287488937378
1017,2.2108049392700195
1018,2.2185635566711426
1019,2.214705467224121
1020,2.2159807682037354
1021,2.2154428958892822
1022,2.220673084259033
1023,2.2219736576080322
1024,2.216196298599243
1025,2.2198305130004883
1026,2.228546142578125
1027,2.2191405296325684
1028,2.214690685272217
1029,2.227604866027832
1030,2.229982852935791
1031,2.229207992553711
1032,2.2273526191711426
1033,2.22227144241333
1034,2.2172672748565674
1035,2.2291483879089355
1036,2.2065086364746094
1037,2.222886562347412
1038,2.222203493118286
1039,2.2175488471984863
1040,2.214174509048462
1041,2.219301462173462
1042,2.2168684005737305
1043,2.227224349975586
1044,2.227513313293457
1045,2.2300515174865723
1046,2.2222256660461426
1047,2.2471704483032227
1048,2.224597692489624
1049,2.230008125305176
1050,2.2269647121429443
1051,2.222270965576172
1052,2.2295374870300293
1053,2.2284622192382812
1054,2.2330145835876465
1055,2.2355189323425293
1056,2.241147994995117
1057,2.2285304069519043
1058,2.228215217590332
1059,2.227189302444458
1060,2.237879753112793
1061,2.231891632080078
1062,2.216681957244873
1063,2.218761682510376
1064,2.227288246154785
1065,2.222911834716797
1066,2.2250940799713135
1067,2.220503568649292
1068,2.2255494594573975
1069,2.2200303077697754
1070,2.2235312461853027
1071,2.212869882583618
1072,2.220764636993408
1073,2.218437671661377
1074,2.2178821563720703
1075,2.2153549194335938
1076,2.2284138202667236
1077,2.2225840091705322
1078,2.2195067405700684
1079,2.2227673530578613
1080,2.2149691581726074
1081,2.2186810970306396
1082,2.2141339778900146
1083,2.2097365856170654
1084,2.2181663513183594
1085,2.2268686294555664
1086,2.2184407711029053
1087,2.2240238189697266
1088,2.2277164459228516
1089,2.2209458351135254
1090,2.2200326919555664
1091,2.214991807937622
1092,2.2149720191955566
1093,2.218204975128174
1094,2.220672130584717
1095,2.219165086746216
1096,2.211019515991211
1097,2.22322940826416
1098,2.2203774452209473
1099,2.214207172393799
1100,2.2247166633605957
1101,2.2192323207855225
1102,2.216287136077881
1103,2.2223641872406006
1104,2.2128443717956543
1105,2.216583251953125
1106,2.2197065353393555
1107,2.211803913116455
1108,2.2083048820495605
1109,2.2125258445739746
1110,2.2113475799560547
1111,2.2076547145843506
1112,2.207395076751709
1113,2.2119369506835938
1114,2.213864326477051
1115,2.2191896438598633
1116,2.2060728073120117
1117,2.210510015487671
1118,2.215346336364746
1119,2.209336757659912
1120,2.2102818489074707
1121,2.2080533504486084
1122,2.2279036045074463
1123,2.219832420349121
1124,2.2245843410491943
1125,2.214094400405884
1126,2.215277671813965
1127,2.2123427391052246
1128,2.2026567459106445
1129,2.218111515045166
1130,2.2077455520629883
1131,2.211743116378784
1132,2.208728790283203
1133,2.22078537940979
1134,2.2217602729797363
1135,2.2165355682373047
1136,2.215747833251953
1137,2.2190465927124023
1138,2.2235352993011475
1139,2.2183001041412354
1140,2.2193069458007812
1141,2.2170228958129883
1142,2.217311382293701
1143,2.2169668674468994
1144,2.224736213684082
1145,2.2274515628814697
1146,2.2180919647216797
1147,2.2191314697265625
1148,2.22481107711792
1149,2.224027395248413
1150,2.218498945236206
1151,2.2273848056793213
1152,2.2197659015655518
1153,2.221400737762451
1154,2.2160937786102295
1155,2.227971076965332
1156,2.2201499938964844
1157,2.2249226570129395
1158,2.2223665714263916
1159,2.224886178970337
1160,2.2172365188598633
1161,2.219403028488159
1162,2.2259836196899414
1163,2.216080665588379
1164,2.2138564586639404
1165,2.2245278358459473
1166,2.213634967803955
1167,2.216247081756592
1168,2.213228225708008
1169,2.2315077781677246
1170,2.2247445583343506
1171,2.218498468399048
1172,2.2329230308532715
1173,2.2288475036621094
1174,2.224757671356201
1175,2.2195916175842285
1176,2.227530002593994
1177,2.2146031856536865
1178,2.2339065074920654
1179,2.229947566986084
1180,2.215393543243408
1181,2.2054247856140137
1182,2.22603702545166
1183,2.214343786239624
1184,2.2191033363342285
1185,2.204878330230713
1186,2.223048448562622
1187,2.209094524383545
1188,2.2222695350646973
1189,2.2204701900482178
1190,2.2251667976379395
1191,2.2408928871154785
1192,2.2231855392456055
1193,2.2190773487091064
1194,2.221707344055176
1195,2.218534469604492
1196,2.2140607833862305
1197,2.229527711868286
1198,2.225562572479248
1199,2.224069595336914
1200,2.2288856506347656
1201,2.213902473449707
1202,2.222472667694092
1203,2.2183618545532227
1204,2.2032127380371094
1205,2.2189464569091797
1206,2.21480131149292
1207,2.2202322483062744
1208,2.2208375930786133
1209,2.223554849624634
1210,2.2201764583587646
1211,2.2185373306274414
1212,2.2119884490966797
1213,2.224668025970459
1214,2.2195374965667725
1215,2.212909698486328
1216,2.22890567779541
1217,2.234837055206299
1218,2.228433847427368
1219,2.2179183959960938
1220,2.2193641662597656
1221,2.2213258743286133
1222,2.2335124015808105
1223,2.236255645751953
1224,2.2283902168273926
1225,2.2277674674987793
1226,2.2183656692504883
1227,2.2308545112609863
1228,2.2337422370910645
1229,2.2302815914154053
1230,2.2339072227478027
1231,2.226621627807617
1232,2.230116367340088
1233,2.2305774688720703
1234,2.223822593688965
1235,2.227959632873535
1236,2.2277448177337646
1237,2.2364158630371094
1238,2.236860752105713
1239,2.226248025894165
1240,2.2352304458618164
1241,2.229529619216919
1242,2.2258546352386475
1243,2.20829176902771
1244,2.219653606414795
1245,2.21825909614563
1246,2.222337245941162
1247,2.2310421466827393
1248,2.2348341941833496
1249,2.2365541458129883
1250,2.243368625640869
1251,2.237330436706543
1252,2.2219338417053223
1253,2.2176480293273926
1254,2.224588632583618
1255,2.2356598377227783
1256,2.234847068786621
1257,2.2253053188323975
1258,2.2238593101501465
1259,2.230135440826416
1260,2.235816478729248
1261,2.242236614227295
1262,2.233358383178711
1263,2.229011058807373
1264,2.2311506271362305
1265,2.225677967071533
1266,2.2348809242248535
1267,2.231192111968994
1268,2.2227466106414795
1269,2.224945068359375
1270,2.231736660003662
1271,2.224719524383545
1272,2.2242751121520996
1273,2.2181899547576904
1274,2.2246174812316895
1275,2.219614028930664
1276,2.218689203262329
1277,2.2247653007507324
1278,2.2255680561065674
1279,2.220731258392334
1280,2.2287087440490723
1281,2.2168636322021484
1282,2.2227022647857666
1283,2.218122959136963
1284,2.2248778343200684
1285,2.220180034637451
1286,2.236635208129883
1287,2.233811378479004
1288,2.2282590866088867
1289,2.225569248199463
1290,2.2236132621765137
1291,2.230752468109131
1292,2.2209291458129883
1293,2.223886489868164
1294,2.2275607585906982
1295,2.2289810180664062
1296,2.2122089862823486
1297,2.224658250808716
1298,2.2172133922576904
1299,2.2221760749816895
1300,2.2278947830200195
1301,2.2126121520996094
1302,2.228565216064453
1303,2.202357530593872
1304,2.209780693054199
1305,2.214343547821045
1306,2.228931427001953
1307,2.2315235137939453
1308,2.217236280441284
1309,2.2175216674804688
1310,2.216858148574829
1311,2.2182974815368652
1312,2.217099189758301
1313,2.212040424346924
1314,2.2096407413482666
1315,2.197300434112549
1316,2.2077155113220215
1317,2.211817741394043
1318,2.2214698791503906
1319,2.223196029663086
1320,2.2122817039489746
1321,2.219295024871826
1322,2.201540231704712
1323,2.2192938327789307
1324,2.208383560180664
1325,2.22053861618042
1326,2.2101030349731445
1327,2.2212142944335938
1328,2.2154295444488525
1329,2.2061543464660645
1330,2.220102071762085
1331,2.22444486618042
1332,2.2230112552642822
1333,2.207193613052368
1334,2.2221274375915527
1335,2.2203450202941895
1336,2.2062177658081055
1337,2.2067227363586426
1338,2.2246670722961426
1339,2.2119622230529785
1340,2.225355625152588
1341,2.205873727798462
1342,2.2122931480407715
1343,2.2085964679718018
1344,2.21502685546875
1345,2.214010238647461
1346,2.2093451023101807
1347,2.2078778743743896
1348,2.218811511993408
1349,2.2267308235168457
1350,2.218393564224243
1351,2.220424175262451
1352,2.2172398567199707
1353,2.2209765911102295
1354,2.2223751544952393
1355,2.2129650115966797
1356,2.211055278778076
1357,2.2230634689331055
1358,2.2130861282348633
1359,2.2160732746124268
1360,2.2225661277770996
1361,2.215190887451172
1362,2.2208967208862305
1363,2.2281076908111572
1364,2.225741386413574
1365,2.2310705184936523
1366,2.22786808013916
1367,2.2312164306640625
1368,2.2144250869750977
1369,2.222747325897217
1370,2.222917318344116
1371,2.2262253761291504
1372,2.2288589477539062
1373,2.225527763366699
1374,2.222259998321533
1375,2.2277541160583496
1376,2.220552682876587
1377,2.22648024559021
1378,2.2198472023010254
1379,2.2231502532958984
1380,2.224639892578125
1381,2.2334179878234863
1382,2.2291157245635986
1383,2.2348814010620117
1384,2.2254300117492676
1385,2.230100154876709
1386,2.2223289012908936
1387,2.2320005893707275
1388,2.2283670902252197
1389,2.228395462036133
1390,2.2311031818389893
1391,2.2267472743988037
1392,2.2360687255859375
1393,2.2381129264831543
1394,2.23669171333313
1395,2.23561429977417
1396,2.228214740753174
1397,2.245480537414551
1398,2.2432823181152344
1399,2.2457985877990723
1400,2.2365500926971436
1401,2.2571394443511963
1402,2.2554874420166016
1403,2.23893141746521
1404,2.2369210720062256
1405,2.242483377456665
1406,2.239995241165161
1407,2.249141216278076
1408,2.2294931411743164
1409,2.2374050617218018
1410,2.2328054904937744
1411,2.2387101650238037
1412,2.235960006713867
1413,2.233553886413574
1414,2.2419986724853516
1415,2.2377090454101562
1416,2.238919734954834
1417,2.2301299571990967
1418,2.232088565826416
1419,2.231682538986206
1420,2.235775947570801
1421,2.2432026863098145
1422,2.2393391132354736
1423,2.2386550903320312
1424,2.2339680194854736
1425,2.227989673614502
1426,2.2447011470794678
1427,2.239480972290039
1428,2.2475686073303223
1429,2.249802827835083
1430,2.2511801719665527
1431,2.247863292694092
1432,2.2640044689178467
1433,2.252922773361206
1434,2.254394054412842
1435,2.242265462875366
1436,2.2601356506347656
1437,2.243225336074829
1438,2.2494094371795654
1439,2.255415916442871
1440,2.2579121589660645
1441,2.2405452728271484
1442,2.251136541366577
1443,2.2444024085998535
1444,2.2513599395751953
1445,2.264932870864868
1446,2.242582321166992
1447,2.2597928047180176
1448,2.252878189086914
1449,2.246915817260742
1450,2.2536134719848633
1451,2.2521209716796875
1452,2.2498531341552734
1453,2.2609169483184814
1454,2.250195026397705
1455,2.241832971572876
1456,2.2569050788879395
1457,2.248232364654541
1458,2.2604618072509766
1459,2.2539234161376953
1460,2.2398242950439453
1461,2.2488574981689453
1462,2.2573647499084473
1463,2.2517213821411133
1464,2.258962631225586
1465,2.2596840858459473
1466,2.258932590484619
1467,2.2629261016845703
1468,2.2774922847747803
1469,2.268871307373047
1470,2.2687597274780273
1471,2.257134437561035
1472,2.2731285095214844
1473,2.27003812789917
1474,2.2676515579223633
1475,2.259413003921509
1476,2.2677178382873535
1477,2.2680444717407227
1478,2.2716784477233887
1479,2.262305498123169
1480,2.2728257179260254
1481,2.27603816986084
1482,2.269963264465332
1483,2.275541067123413
1484,2.274146556854248
1485,2.2726645469665527
1486,2.2829155921936035
1487,2.28482985496521
1488,2.2764155864715576
1489,2.284262180328369
1490,2.2935290336608887
1491,2.286062717437744
1492,2.2857394218444824
1493,2.2944140434265137
1494,2.2964019775390625
1495,2.287285327911377
1496,2.286165237426758
1497,2.2870547771453857
1498,2.2851715087890625
1499,2.290799140930176
1500,2.286243200302124
1501,2.2858710289001465
1502,2.281142234802246
1503,2.275317907333374
1504,2.2642464637756348
1505,2.2735493183135986
1506,2.266136884689331
1507,2.277099609375
1508,2.277554750442505
1509,2.2766504287719727
1510,2.2811241149902344
1511,2.2792725563049316
1512,2.2747836112976074
1513,2.294757127761841
1514,2.288363218307495
1515,2.2972686290740967
1516,2.295152187347412
1517,2.299138307571411
1518,2.3028995990753174
1519,2.2969467639923096
1520,2.284653902053833
1521,2.2807810306549072
1522,2.288203716278076
1523,2.3003149032592773
1524,2.2907838821411133
1525,2.284597396850586
1526,2.272651433944702
1527,2.2865052223205566
1528,2.2835140228271484
1529,2.285220146179199
1530,2.2812838554382324
1531,2.291532516479492
1532,2.279294013977051
1533,2.285797595977783
1534,2.2735252380371094
1535,2.287736654281616
1536,2.2905144691467285
1537,2.2882232666015625
1538,2.286573648452759
1539,2.2798054218292236
1540,2.284844398498535
1541,2.2917113304138184
1542,2.295036792755127
1543,2.2915453910827637
1544,2.2885708808898926
1545,2.295311450958252
1546,2.2970738410949707
1547,2.29087495803833
1548,2.289039373397827
1549,2.275923490524292
1550,2.283356189727783
1551,2.2885866165161133
1552,2.290771961212158
1553,2.2922449111938477
1554,2.285229206085205
1555,2.2753100395202637
1556,2.2977514266967773
1557,2.2849745750427246
1558,2.292811632156372
1559,2.2949938774108887
1560,2.282214403152466
1561,2.2940821647644043
1562,2.294996500015259
1563,2.286731481552124
1564,2.285484790802002
1565,2.298987865447998
1566,2.2898201942443848
1567,2.3004097938537598
1568,2.302137613296509
1569,2.298002004623413
1570,2.292478561401367
1571,2.290203094482422
1572,2.3048245906829834
1573,2.295839548110962
1574,2.298858642578125
1575,2.2855801582336426
1576,2.2905032634735107
1577,2.2841200828552246
1578,2.303546190261841
1579,2.29007625579834
1580,2.3021318912506104
1581,2.2915759086608887
1582,2.2913458347320557
1583,2.3003973960876465
1584,2.3057332038879395
1585,2.3151025772094727
1586,2.316265821456909
1587,2.299557685852051
1588,2.3124022483825684
1589,2.317523717880249
1590,2.3173670768737793
1591,2.3049511909484863
1592,2.3075461387634277
1593,2.3181447982788086
1594,2.3023629188537598
1595,2.304042339324951
1596,2.3150713443756104
1597,2.297271728515625
1598,2.305809259414673
1599,2.310816526412964
1600,2.3174383640289307
1601,2.30503511428833
1602,2.2955920696258545
1603,2.3014087677001953
1604,2.309560775756836
1605,2.302239418029785
1606,2.3072454929351807
1607,2.2888290882110596
1608,2.3133013248443604
1609,2.310229539871216
1610,2.311047077178955
1611,2.3129897117614746
1612,2.309220314025879
1613,2.315826177597046
1614,2.322768211364746
1615,2.30397891998291
1616,2.3145718574523926
1617,2.312833309173584
1618,2.3201704025268555
1619,2.3146579265594482
1620,2.299295425415039
1621,2.315561056137085
1622,2.311669111251831
1623,2.3104193210601807
1624,2.319427013397217
1625,2.3150339126586914
1626,2.319139003753662
1627,2.3140125274658203
1628,2.312645435333252
1629,2.313035011291504
1630,2.307739496231079
1631,2.3070478439331055
1632,2.324256420135498
1633,2.320193290710449
1634,2.3172683715820312
1635,2.3109006881713867
1636,2.32191801071167
1637,2.31187105178833
1638,2.321361780166626
1639,2.3233227729797363
1640,2.319999933242798
1641,2.3150482177734375
1642,2.3248791694641113
1643,2.334629774093628
1644,2.3111114501953125
1645,2.326998710632324
1646,2.33204984664917
1647,2.3089962005615234
1648,2.3414392471313477
1649,2.314732789993286
1650,2.3318567276000977
1651,2.3295140266418457
1652,2.3260982036590576
1653,2.3326339721679688
1654,2.335545063018799
1655,2.3325307369232178
1656,2.3316187858581543
1657,2.3246192932128906
1658,2.3293325901031494
1659,2.331695318222046
1660,2.3383469581604004
1661,2.3334126472473145
1662,2.332784652709961
1663,2.339508056640625
1664,2.331146001815796
1665,2.3281259536743164
1666,2.3261935710906982
1667,2.3383612632751465
1668,2.3404812812805176
1669,2.3323888778686523
1670,2.332577705383301
1671,2.3174116611480713
1672,2.3348898887634277
1673,2.3526408672332764
1674,2.3384101390838623
1675,2.335635185241699
1676,2.3486318588256836
1677,2.3479228019714355
1678,2.339006185531616
1679,2.3423144817352295
1680,2.339381694793701
1681,2.33384108543396
1682,2.3500561714172363
1683,2.3628621101379395
1684,2.3420515060424805
1685,2.329568386077881
1686,2.3447704315185547
1687,2.3422651290893555
1688,2.3395915031433105
1689,2.3415050506591797
1690,2.344815254211426
1691,2.34020733833313
1692,2.334503650665283
1693,2.331021785736084
1694,2.345493793487549
1695,2.335858106613159
1696,2.3368115425109863
1697,2.339200973510742
1698,2.33951473236084
1699,2.338703155517578
1700,2.3300576210021973
1701,2.354565382003784
1702,2.3303704261779785
1703,2.3585925102233887
1704,2.3470916748046875
1705,2.3665263652801514
1706,2.3599772453308105
1707,2.34307599067688
1708,2.349151372909546
1709,2.338484287261963
1710,2.3492727279663086
1711,2.350362777709961
1712,2.3494062423706055
1713,2.3368587493896484
1714,2.3411478996276855
1715,2.3445944786071777
1716,2.3399219512939453
1717,2.340014934539795
1718,2.3399178981781006
1719,2.346780300140381
1720,2.3531079292297363
1721,2.3379812240600586
1722,2.3368735313415527
1723,2.3343920707702637
1724,2.3331644535064697
1725,2.3404438495635986
1726,2.3351588249206543
1727,2.3256077766418457
1728,2.346997022628784
1729,2.3455417156219482
1730,2.341705322265625
1731,2.3454933166503906
1732,2.3444619178771973
1733,2.348935842514038
1734,2.336988687515259
1735,2.33888840675354
1736,2.3370394706726074
1737,2.3427295684814453
1738,2.3531341552734375
1739,2.3351175785064697
1740,2.3486623764038086
1741,2.355839252471924
1742,2.358154773712158
1743,2.3427767753601074
1744,2.3479385375976562
1745,2.3385074138641357
1746,2.3383419513702393
1747,2.3288161754608154
1748,2.334420680999756
1749,2.342310905456543
1750,2.3425216674804688
1751,2.3323521614074707
1752,2.3471288681030273
1753,2.336214065551758
1754,2.347424030303955
1755,2.3392138481140137
1756,2.343287467956543
1757,2.3434064388275146
1758,2.3421990871429443
1759,2.3385770320892334
1760,2.3579039573669434
1761,2.3465919494628906
1762,2.339203357696533
1763,2.339324951171875
1764,2.3352279663085938
1765,2.342172384262085
1766,2.34950590133667
1767,2.352327346801758
1768,2.343648910522461
1769,2.3538801670074463
1770,2.3478684425354004
1771,2.353733539581299
1772,2.359098434448242
1773,2.3612465858459473
1774,2.3527653217315674
1775,2.362741470336914
1776,2.3502304553985596
1777,2.3539953231811523
1778,2.3477296829223633
1779,2.34428071975708
1780,2.3470849990844727
1781,2.3478169441223145
1782,2.3454036712646484
1783,2.3536438941955566
1784,2.3462274074554443
1785,2.358848810195923
1786,2.3474392890930176
1787,2.36991810798645
1788,2.3488898277282715
1789,2.361776113510132
1790,2.363208770751953
1791,2.3580141067504883
1792,2.3557491302490234
1793,2.352485179901123
1794,2.3396637439727783
1795,2.3460729122161865
1796,2.3538577556610107
1797,2.3432962894439697
1798,2.3412837982177734
1799,2.3466756343841553
1800,2.3517723083496094
1801,2.3322043418884277
1802,2.3354716300964355
1803,2.3395118713378906
1804,2.3508729934692383
1805,2.347018241882324
1806,2.349907875061035
1807,2.3525328636169434
1808,2.3387303352355957
1809,2.354984998703003
1810,2.329773426055908
1811,2.3426196575164795
1812,2.3582100868225098
1813,2.342432737350464
1814,2.3438591957092285
1815,2.3422741889953613
1816,2.3618364334106445
1817,2.3528003692626953
1818,2.3543272018432617
1819,2.349066734313965
1820,2.3547608852386475
1821,2.348508358001709
1822,2.3476755619049072
1823,2.345249652862549
1824,2.3420286178588867
1825,2.3598380088806152
1826,2.35695219039917
1827,2.3668723106384277
1828,2.359872341156006
1829,2.34830904006958
1830,2.3674120903015137
1831,2.3423619270324707
1832,2.3605499267578125
1833,2.3465070724487305
1834,2.3623757362365723
1835,2.348987102508545
1836,2.338728904724121
1837,2.3703064918518066
1838,2.366119623184204
1839,2.348727226257324
1840,2.3469181060791016
1841,2.349215507507324
1842,2.350316286087036
1843,2.3547067642211914
1844,2.3424668312072754
1845,2.3542885780334473
1846,2.3638482093811035
1847,2.3415212631225586
1848,2.3641622066497803
1849,2.3624229431152344
1850,2.366729974746704
1851,2.3597347736358643
1852,2.360011577606201
1853,2.361546516418457
1854,2.366513252258301
1855,2.366417169570923
1856,2.344200849533081
1857,2.369396209716797
1858,2.3679556846618652
1859,2.347292900085449
1860,2.3728132247924805
1861,2.3513715267181396
1862,2.349486827850342
1863,2.3464674949645996
1864,2.3545219898223877
1865,2.361009120941162
1866,2.3731961250305176
1867,2.3552236557006836
1868,2.3641178607940674
1869,2.378608465194702
1870,2.3605074882507324
1871,2.3855557441711426
1872,2.3695929050445557
1873,2.37642240524292
1874,2.354227066040039
1875,2.3666558265686035
1876,2.3621304035186768
1877,2.3546605110168457
1878,2.3525590896606445
1879,2.3645405769348145
1880,2.365022659301758
1881,2.3752684593200684
1882,2.3743882179260254
1883,2.374938726425171
1884,2.3670365810394287
1885,2.3530964851379395
1886,2.369443416595459
1887,2.357504367828369
1888,2.3571763038635254
1889,2.3595376014709473
1890,2.3697052001953125
1891,2.363828659057617
1892,2.3636786937713623
1893,2.3553667068481445
1894,2.3534770011901855
1895,2.3434605598449707
1896,2.3750483989715576
1897,2.360809564590454
1898,2.3615951538085938
1899,2.3717074394226074
1900,2.367816686630249
1901,2.3413267135620117
1902,2.355029582977295
1903,2.3594775199890137
1904,2.3706650733947754
1905,2.354959487915039
1906,2.3390743732452393
1907,2.353207588195801
1908,2.357560157775879
1909,2.3571362495422363
1910,2.3416733741760254
1911,2.356529712677002
1912,2.362598419189453
1913,2.367335319519043
1914,2.361994743347168
1915,2.367954969406128
1916,2.3646161556243896
1917,2.375932216644287
1918,2.3693580627441406
1919,2.3601512908935547
1920,2.371272087097168
1921,2.3641839027404785
1922,2.363990306854248
1923,2.362915277481079
1924,2.3684592247009277
1925,2.3719992637634277
1926,2.3492891788482666
1927,2.3714537620544434
1928,2.3613104820251465
1929,2.3555305004119873
1930,2.3581032752990723
1931,2.353323221206665
1932,2.3465819358825684
1933,2.338700771331787
1934,2.358438491821289
1935,2.3565778732299805
1936,2.3505146503448486
1937,2.337846279144287
1938,2.3671205043792725
1939,2.3678154945373535
1940,2.368114948272705
1941,2.3601348400115967
1942,2.363226890563965
1943,2.3631749153137207
1944,2.354630708694458
1945,2.3622872829437256
1946,2.3525121212005615
1947,2.36722993850708
1948,2.3666069507598877
1949,2.3630404472351074
1950,2.357710361480713
1951,2.3563084602355957
1952,2.3632049560546875
1953,2.372117519378662
1954,2.367827892303467
1955,2.361065626144409
1956,2.368278741836548
1957,2.353888988494873
1958,2.365992784500122
1959,2.36588716506958
1960,2.363962411880493
1961,2.3657851219177246
1962,2.3738160133361816
1963,2.353808879852295
1964,2.358098268508911
1965,2.3815808296203613
1966,2.360107898712158
1967,2.3694252967834473
1968,2.3772711753845215
1969,2.374551773071289
1970,2.3697829246520996
1971,2.371443271636963
1972,2.36568021774292
1973,2.361921787261963
1974,2.3697657585144043
1975,2.365997314453125
1976,2.370863914489746
1977,2.3749730587005615
1978,2.3600223064422607
1979,2.360980987548828
1980,2.360309600830078
1981,2.3667430877685547
1982,2.3550868034362793
1983,2.371474266052246
1984,2.3601462841033936
1985,2.366560935974121
1986,2.3720662593841553
1987,2.358764886856079
1988,2.3734583854675293
1989,2.3614583015441895
1990,2.3423380851745605
1991,2.366382360458374
1992,2.3519318103790283
1993,2.3504724502563477
1994,2.3601596355438232
1995,2.33457612991333
1996,2.346229314804077
1997,2.336540699005127
1998,2.3346171379089355
