,Jr
0,-0.004533690400421619
1,-0.007136844098567963
2,-0.005592181347310543
3,-0.008483032695949078
4,-0.008363726548850536
5,-0.008313280530273914
6,-0.005980279296636581
7,-0.009251793846487999
8,-0.005184305366128683
9,-0.008900310844182968
10,-0.005266561638563871
11,-0.002343978499993682
12,-0.002037313301116228
13,-0.007374206557869911
14,-0.004959636367857456
15,-0.010912757366895676
16,-0.012002309784293175
17,-0.0044623855501413345
18,-0.011704700998961926
19,-0.010261766612529755
20,-0.011728023178875446
21,-0.008411409333348274
22,-0.01262892596423626
23,-0.0013868343085050583
24,-0.0061524007469415665
25,-0.00564963323995471
26,-0.010128673166036606
27,-0.004986049607396126
28,-0.00703977607190609
29,-0.00802287645637989
30,-0.009865186177194118
31,-0.00835423730313778
32,-0.013558123260736465
33,-0.01506325975060463
34,-0.01449278648942709
35,-0.016294606029987335
36,-0.006124239880591631
37,-0.010092614218592644
38,-0.007483021356165409
39,-0.017976408824324608
40,-0.015745077282190323
41,-0.029821399599313736
42,-0.007303015328943729
43,-0.011727115139365196
44,-0.008881522342562675
45,-0.004335647914558649
46,0.007559884339570999
47,-0.01366712898015976
48,-0.004902896471321583
49,-0.020807448774576187
50,-0.020075025036931038
51,-0.004434784408658743
52,-0.01574714668095112
53,-0.017081033438444138
54,-0.02169152721762657
55,-0.006300829350948334
56,-0.004791591316461563
57,-0.009107599034905434
58,-0.006973219104111195
59,-0.011660125106573105
60,-0.011465257965028286
61,-0.00803809892386198
62,-0.014013051055371761
63,-0.006541196722537279
64,-0.004653157666325569
65,-0.006978089455515146
66,-0.012039157561957836
67,0.003070241305977106
68,-0.014910859987139702
69,-0.01781836524605751
70,-0.025875380262732506
71,-0.018185487017035484
72,-0.02102513611316681
73,0.0026564900763332844
74,-0.005697352811694145
75,-0.014100976288318634
76,-0.014111720025539398
77,-0.0044915578328073025
78,-0.005584367550909519
79,-0.018474843353033066
80,-0.025058744475245476
81,-0.003237377852201462
82,-0.009503360837697983
83,-0.0042735505849123
84,-0.014444230124354362
85,-0.005510054994374514
86,-0.024941736832261086
87,-0.008760092779994011
88,-0.010098258033394814
89,-0.013319656252861023
90,-0.010904718190431595
91,-0.008095145225524902
92,-0.006239339243620634
93,-0.004688475746661425
94,-0.002301581669598818
95,-0.013661404140293598
96,-0.0008485391736030579
97,-0.005680468864738941
98,-0.006089689210057259
99,-0.005497877486050129
100,-0.01011765468865633
101,-0.017165236175060272
102,-0.005424086935818195
103,0.00044734147377312183
104,0.0018176448065787554
105,-0.0029046633280813694
106,-0.03182992339134216
107,-0.014085307717323303
108,-0.01519685983657837
109,-0.013279265724122524
110,0.00130887096747756
111,-0.0034993861336261034
112,-0.005748930387198925
113,-0.008599985390901566
114,-0.016146961599588394
115,-0.009676681831479073
116,0.008173702284693718
117,-0.00026008591521531343
118,0.002949528396129608
119,-0.01145883183926344
120,0.00026299053570255637
121,0.003411028068512678
122,0.0035365421790629625
123,-0.0002070218324661255
124,0.0027301525697112083
125,0.005844857543706894
126,0.0022113563027232885
127,-0.021547511219978333
128,-0.007714723236858845
129,0.0053791748359799385
130,0.002439219271764159
131,0.006329389289021492
132,0.0002484656870365143
133,-0.0041342927142977715
134,-0.013863482512533665
135,-0.006724727805703878
136,0.007330156862735748
137,0.013587212190032005
138,-0.003383876755833626
139,0.0005383358802646399
140,-0.005434518214315176
141,0.0024020017590373755
142,-0.007250632159411907
143,-0.007544761523604393
144,0.0030948868952691555
145,-0.004369018599390984
146,-0.014212661422789097
147,-0.0018016612157225609
148,0.009056014940142632
149,-0.0072282650507986546
150,0.005505701526999474
151,-0.008469676598906517
152,-0.0005036320071667433
153,-0.008509987965226173
154,-0.020834021270275116
155,0.0011657720897346735
156,0.00419882545247674
157,0.0068503376096487045
158,0.006250856909900904
159,-0.00909455306828022
160,-0.004251784645020962
161,-0.005494466982781887
162,0.0016591832973062992
163,0.002343539148569107
164,0.006404106970876455
165,-0.007769087795168161
166,0.008202379569411278
167,-0.005046395119279623
168,-0.001571507891640067
169,-0.005100333131849766
170,-0.0007027178071439266
171,-0.01062106341123581
172,0.0009761610999703407
173,-0.005193544551730156
174,-0.012503448873758316
175,0.005605542100965977
176,-0.001080110901966691
177,0.00012231199070811272
178,-0.002030850388109684
179,-0.003922958858311176
180,0.002941722050309181
181,0.0012096390128135681
182,0.003310984466224909
183,0.009523817338049412
184,-0.009536195546388626
185,-0.004232226405292749
186,-0.00181511789560318
187,-0.006067122332751751
188,0.0073685310781002045
189,-0.0012631015852093697
190,-0.010696287266910076
191,-0.009059764444828033
192,-0.01691770926117897
193,-0.010240018367767334
194,-0.001271417597308755
195,0.0006434768438339233
196,-0.012986404821276665
197,-0.01005176268517971
198,-0.009699376299977303
199,-0.010932764038443565
200,-0.008865509182214737
201,-0.008855371735990047
202,-0.006206330377608538
203,-0.008791100233793259
204,-0.0010037783067673445
205,-0.003955807536840439
206,-0.004003727808594704
207,-3.7342775613069534e-05
208,0.0014722160995006561
209,-0.009849617257714272
210,-0.0005065056029707193
211,-0.006414376199245453
212,0.0006105042994022369
213,0.007708298973739147
214,-0.01105104573071003
215,-0.011788938194513321
216,-0.01689242199063301
217,-0.007323157042264938
218,-0.0197518952190876
219,-0.02390471287071705
220,-0.0063027204014360905
221,-0.0038731074891984463
222,-0.008823130279779434
223,-0.008932189084589481
224,-0.01382807269692421
225,-0.008164639584720135
226,-0.00740030175074935
227,-0.008884257636964321
228,-0.0030071286018937826
229,0.00152587890625
230,-0.0059057618491351604
231,-0.019470058381557465
232,-0.017150526866316795
233,-0.01700778305530548
234,-0.0006244886899366975
235,-0.007373474538326263
236,-0.001947001088410616
237,-0.017539892345666885
238,-0.018857844173908234
239,-0.0019517277833074331
240,-0.012405192479491234
241,-0.008165623992681503
242,-0.005986352451145649
243,-0.008972381241619587
244,-0.008672723546624184
245,-0.015749750658869743
246,-0.009713503532111645
247,-0.00799180194735527
248,0.0009862834122031927
249,-0.004614971578121185
250,-0.023581217974424362
251,-0.012451846152544022
252,-0.019628023728728294
253,-0.022530291229486465
254,-0.010602587834000587
255,-0.017724500969052315
256,-0.005676778499037027
257,-0.006943764630705118
258,-0.014924340881407261
259,-0.02890600636601448
260,-0.018823795020580292
261,-0.015027966350317001
262,-0.014921722933650017
263,-0.013717710971832275
264,-0.00041766325011849403
265,0.001401728019118309
266,-0.0028969545383006334
267,-0.005517337471246719
268,-0.026725176721811295
269,-0.012022184208035469
270,-0.007978029549121857
271,-0.008551215752959251
272,0.0005977540276944637
273,-0.014507686719298363
274,-0.010583457536995411
275,-0.010426877997815609
276,-0.005632408428937197
277,-0.019598934799432755
278,-0.023770246654748917
279,-0.008827488869428635
280,-0.0053531695157289505
281,-0.011267578229308128
282,-0.009671567939221859
283,0.00048768764827400446
284,0.0004076538607478142
285,-0.009919742122292519
286,-0.009630984626710415
287,-0.011962182819843292
288,-0.01105307787656784
289,-0.005517947021871805
290,-0.011802430264651775
291,-0.013816764578223228
292,-0.01609063148498535
293,-0.004409113898873329
294,-0.023497575893998146
295,-0.0061290147714316845
296,0.004599748179316521
297,-0.0035901153460144997
298,-0.010777515359222889
299,0.0016223359853029251
300,-0.01589023321866989
301,-0.003624488366767764
302,-0.014179166406393051
303,-0.020504221320152283
304,-0.011499099433422089
305,0.007694193162024021
306,0.000961389159783721
307,-0.011777276173233986
308,0.004352166783064604
309,-0.02342352643609047
310,-0.011685097590088844
311,-0.020414065569639206
312,-0.006948602385818958
313,-0.021825332194566727
314,-0.011201726272702217
315,-0.019268445670604706
316,-0.009789487347006798
317,-0.02330516278743744
318,-0.0028914902359247208
319,-0.026275180280208588
320,-0.0016653789207339287
321,-0.018295008689165115
322,-0.002518933266401291
323,-0.014298520982265472
324,-0.016318604350090027
325,-0.008318712934851646
326,-9.293342009186745e-05
327,-0.012106558308005333
328,-0.006738235242664814
329,-0.017375551164150238
330,-0.02416073903441429
331,-0.010318522341549397
332,-0.02646063268184662
333,-0.0380474291741848
334,-0.02109490893781185
335,-0.008907854557037354
336,-0.02131020277738571
337,-0.015045078471302986
338,-0.01207721047103405
339,0.0048861210234463215
340,-0.02063056081533432
341,-0.027479279786348343
342,0.001717433799058199
343,-0.030262496322393417
344,-0.019326727837324142
345,-0.0010664400178939104
346,-0.03435063362121582
347,0.007762831635773182
348,-0.008759193122386932
349,-0.026042520999908447
350,-0.023623008280992508
351,-0.010772907175123692
352,-0.02799496054649353
353,-0.028707340359687805
354,0.008618847467005253
355,-0.02018127590417862
356,-0.01384727656841278
357,-0.0147392014041543
358,0.0032057331409305334
359,-0.0025683045387268066
360,-0.015825407579541206
361,-0.003934326581656933
362,-0.011176305823028088
363,-0.01354694738984108
364,-0.028043560683727264
365,-0.004360788036137819
366,-0.023067239671945572
367,-0.0077468277886509895
368,-0.024117756634950638
369,-0.023385509848594666
370,-0.01326601579785347
371,0.0029087020084261894
372,-0.010535228997468948
373,-0.02171606570482254
374,-0.010507918894290924
375,-0.007608650717884302
376,-0.01913093775510788
377,-0.017064349725842476
378,-0.008304962888360023
379,-0.012863765470683575
380,-0.001714114798232913
381,-0.00461015198379755
382,-0.013520416803658009
383,-0.016913313418626785
384,-0.010401804000139236
385,-0.00976487621665001
386,-0.010780714452266693
387,-0.004964091815054417
388,-0.03052082657814026
389,-0.01837136037647724
390,-0.010401289910078049
391,0.0022763232700526714
392,-0.007816018536686897
393,-0.0059529999271035194
394,-0.015022674575448036
395,-0.04518808424472809
396,0.013694966211915016
397,-0.007456204853951931
398,-0.024998193606734276
399,0.004509588237851858
400,-0.014735722914338112
401,0.004199225455522537
402,-0.02560725435614586
403,0.00771123543381691
404,-0.01989896595478058
405,-0.01965414546430111
406,-0.02862263098359108
407,-0.0036034351214766502
408,-0.022201362997293472
409,-0.01630258746445179
410,-0.002895164769142866
411,0.002816968597471714
412,-0.008947744965553284
413,0.0005202959291636944
414,-0.026813272386789322
415,-0.001028497819788754
416,-0.01475501712411642
417,-0.02695419080555439
418,-0.011773166246712208
419,-0.014792497269809246
420,-0.0007249563932418823
421,-0.025387248024344444
422,-0.016443006694316864
423,-0.019406752660870552
424,-0.014311475679278374
425,-0.025760257616639137
426,-0.010708874091506004
427,-0.009481114335358143
428,-0.007341379299759865
429,-0.012186313048005104
430,-0.018238414078950882
431,-0.004991551861166954
432,-0.005675272084772587
433,-0.015996519476175308
434,-0.00907912291586399
435,-0.014611896127462387
436,-0.027935463935136795
437,-0.021919049322605133
438,-0.009505468420684338
439,-0.022009242326021194
440,-0.014376895502209663
441,-0.009405490010976791
442,0.024910375475883484
443,-0.02441423386335373
444,-0.0013068392872810364
445,0.015436672605574131
446,-0.004782190080732107
447,-0.003416034858673811
448,-0.0006720302626490593
449,-0.004376176744699478
450,-0.021247148513793945
451,-0.009696812368929386
452,-0.013101181015372276
453,-0.01536223292350769
454,-0.004949991591274738
455,-0.025797706097364426
456,0.0003720042295753956
457,0.003407878801226616
458,-0.019492967054247856
459,0.0019287336617708206
460,-0.003621187061071396
461,-0.012113582342863083
462,0.009773666970431805
463,-0.0144118070602417
464,-0.03402911126613617
465,0.0029053627513349056
466,-0.019181212410330772
467,-0.021396107971668243
468,-0.02822110801935196
469,-0.004203741904348135
470,-0.015870610252022743
471,-0.011593683622777462
472,-0.00048601883463561535
473,0.0016842774348333478
474,0.007727811112999916
475,-0.004011462442576885
476,0.0005211965180933475
477,-0.023832548409700394
478,-0.03719758614897728
479,0.008029686287045479
480,-0.02085854485630989
481,-0.03515366464853287
482,-0.018740948289632797
483,0.009347815066576004
484,-0.012346047908067703
485,-0.046014025807380676
486,-0.016031835228204727
487,-0.0034214965999126434
488,-0.005081178154796362
489,-0.011845478788018227
490,0.002885621041059494
491,-0.002679321216419339
492,0.001572189386934042
493,-0.004118283279240131
494,0.0016986709088087082
495,-0.002508513629436493
496,-0.031242288649082184
497,-0.00906684435904026
498,-0.0064582210034132
499,-0.010381549596786499
500,-0.01181041169911623
501,-0.012749257497489452
502,-0.0034988191910088062
503,-0.005203612148761749
504,-0.011850803159177303
505,-0.023864135146141052
506,-0.019727535545825958
507,-0.004276345483958721
508,-0.0006397340912371874
509,-0.028902236372232437
510,-0.02659786306321621
511,-0.01225544884800911
512,-0.014984394423663616
513,-0.011434763669967651
514,-0.012905171141028404
515,0.008913359604775906
516,-0.018810130655765533
517,-0.002328739035874605
518,-0.019500060006976128
519,-0.01319894939661026
520,-0.007739382795989513
521,-0.0005590408109128475
522,-0.0017992514185607433
523,-0.02131570130586624
524,-0.025259792804718018
525,-0.009755347855389118
526,-0.03371094912290573
527,-0.020185932517051697
528,-0.01516793854534626
529,-0.018961871042847633
530,-0.006827034987509251
531,-0.0026951804757118225
532,-0.011395454406738281
533,-0.021601956337690353
534,0.0016471119597554207
535,-0.013651958666741848
536,-0.01344274077564478
537,-0.013554302044212818
538,-0.010189837776124477
539,-0.02748981863260269
540,-0.04384584724903107
541,-0.01958334445953369
542,0.005033660680055618
543,0.007380869705229998
544,-0.03367437794804573
545,-0.009427426382899284
546,-0.012000041082501411
547,-0.018054857850074768
548,-0.007114246487617493
549,-0.013044963590800762
550,-0.012636084109544754
551,-0.033084720373153687
552,0.010868234559893608
553,-0.00715304771438241
554,-0.010529465973377228
555,-0.03144177049398422
556,-0.008173488080501556
557,-0.006041167303919792
558,0.0052386075258255005
559,0.0006501555908471346
560,-0.0032393652945756912
561,-0.017601897940039635
562,0.01374165527522564
563,-0.02148394286632538
564,-0.010638624429702759
565,-0.009228851646184921
566,0.0005853071343153715
567,-0.0010641675908118486
568,0.0031060229521244764
569,0.019562508910894394
570,-0.010188410058617592
571,-0.006272510159760714
572,-0.02599114179611206
573,-0.0007355092093348503
574,-0.006756058428436518
575,-0.055960699915885925
576,-0.02357843704521656
577,-0.009391694329679012
578,-0.013975447043776512
579,-0.02020655758678913
580,-0.019811391830444336
581,0.006631634663790464
582,-0.011750873178243637
583,-0.0010113809257745743
584,-0.005753182806074619
585,0.0014940937981009483
586,0.003253974486142397
587,0.0006193765439093113
588,-0.020555175840854645
589,-0.014126872643828392
590,-0.0406578853726387
591,-0.014168953523039818
592,-0.018951592966914177
593,-0.004107555840164423
594,-0.003333511296659708
595,-0.014568868093192577
596,0.003218958619982004
597,-0.017511295154690742
598,-0.009914672002196312
599,-0.02857573702931404
600,0.005166970193386078
601,0.007290584500879049
602,0.0035744511988013983
603,0.004287136718630791
604,-0.007612666115164757
605,-0.023907363414764404
606,-0.00803914200514555
607,-0.0038161734119057655
608,0.021191786974668503
609,-0.010368343442678452
610,0.00924832932651043
611,-0.003786895889788866
612,-0.010758088901638985
613,-0.014196695759892464
614,-0.030853470787405968
615,-0.004272249061614275
616,-0.018772326409816742
617,-0.027287734672427177
618,-0.012512224726378918
619,-0.0036207465454936028
620,-0.022905971854925156
621,-0.00758952833712101
622,-0.0263820830732584
623,-0.013572304509580135
624,-0.01903415471315384
625,-0.014201360754668713
626,0.0005644764751195908
627,-0.011722014285624027
628,-0.03168337419629097
629,0.0022315410897135735
630,-0.005734828766435385
631,0.007381971925497055
632,-0.04621398076415062
633,-0.030392345041036606
634,0.014235418289899826
635,-0.02868354693055153
636,0.011876782402396202
637,-0.012814559042453766
638,-0.003768195863813162
639,-0.013984990306198597
640,-0.013486333191394806
641,-0.02631985768675804
642,-0.02750440314412117
643,-0.01331011950969696
644,0.00024947780184447765
645,-0.026779629290103912
646,0.0018338975496590137
647,-0.02040417492389679
648,-0.0037594963796436787
649,-0.006090833339840174
650,1.4165649190545082e-05
651,0.02570527233183384
652,-0.0018188890535384417
653,0.0027651162818074226
654,-0.014226565137505531
655,-0.011773671954870224
656,7.673492655158043e-05
657,-0.014384856447577477
658,-0.018350452184677124
659,-0.022677265107631683
660,-0.014313479885458946
661,-0.02638201043009758
662,-0.02158377692103386
663,-0.00036425329744815826
664,-0.021727312356233597
665,0.005276121199131012
666,-0.022376850247383118
667,-0.013134431093931198
668,0.0007655341178178787
669,-0.03704475983977318
670,-0.03017568401992321
671,-0.02245328575372696
672,-0.029629336670041084
673,-0.02013222500681877
674,-0.005212836898863316
675,-0.026561029255390167
676,0.009038638323545456
677,-0.020701440051198006
678,-0.01614338718354702
679,-0.014960702508687973
680,-0.027279693633317947
681,-0.01983647421002388
682,-0.0022361744195222855
683,-0.0225675031542778
684,-0.00406951317563653
685,-0.012639236636459827
686,0.013227400369942188
687,-0.023890085518360138
688,-0.01043893676251173
689,-0.024477718397974968
690,0.00550692155957222
691,-0.011973205953836441
692,-0.02268752083182335
693,0.000770562794059515
694,-0.018965017050504684
695,-0.016030211001634598
696,-0.036078352481126785
697,0.0075995828956365585
698,-0.005258813500404358
699,-0.0343342125415802
700,0.0002465376164764166
701,-0.009719932451844215
702,0.012954622507095337
703,-0.01159251481294632
704,-0.007028927560895681
705,0.0007352810353040695
706,-0.023648809641599655
707,-0.017722858116030693
708,-0.008382871747016907
709,-0.005256957840174437
710,-0.021305646747350693
711,0.004825841635465622
712,0.0033213100396096706
713,-0.019926095381379128
714,-0.014543917030096054
715,-0.02431560307741165
716,-0.007604158483445644
717,0.011015292257070541
718,0.006347229704260826
719,0.008273119106888771
720,-0.0062498170882463455
721,-0.009684739634394646
722,-0.03681999817490578
723,0.0023334233555942774
724,-0.010418547317385674
725,-0.01965772733092308
726,-0.009040291421115398
727,-0.0020257877185940742
728,0.0039043982978910208
729,-0.01603884994983673
730,0.0056460038758814335
731,0.013142073526978493
732,-0.010941875167191029
733,-0.020001769065856934
734,-0.018024543300271034
735,-0.021013157442212105
736,-0.01873810775578022
737,-0.016099607571959496
738,-0.0020698844455182552
739,-0.011692775413393974
740,0.006996206007897854
741,-0.012251272797584534
742,-0.02357707917690277
743,-0.024401213973760605
744,-0.02140040509402752
745,0.011396925896406174
746,-0.006091903429478407
747,-0.01299921702593565
748,-0.025192923843860626
749,-0.010992158204317093
750,-0.006703573744744062
751,-0.018312320113182068
752,-0.0035818247124552727
753,-0.006109903100878
754,-0.017574544996023178
755,-0.008423843421041965
756,0.001070388127118349
757,-0.010511651635169983
758,0.00497732637450099
759,-0.009199896827340126
760,-0.00691768154501915
761,-0.029570316895842552
762,0.0048765866085886955
763,-0.017879335209727287
764,-0.008255806751549244
765,0.0034416092094033957
766,-0.011018731631338596
767,-0.03203543275594711
768,0.004242345690727234
769,-0.022189879789948463
770,-0.025022093206644058
771,-0.016017351299524307
772,-0.002096546348184347
773,0.0104569336399436
774,-0.026291055604815483
775,0.003995377570390701
776,-0.027256522327661514
777,-0.017495274543762207
778,0.00045404466800391674
779,-0.016844606027007103
780,-0.009906786493957043
781,0.0005417214706540108
782,0.01939975842833519
783,-0.00011103367432951927
784,-0.007540738210082054
785,-0.01592637039721012
786,-0.024475783109664917
787,-0.006659730337560177
788,0.0014487630687654018
789,-0.0050338818691670895
790,-0.016344450414180756
791,-0.028684530407190323
792,-0.006468769162893295
793,-0.026257937774062157
794,0.013714727945625782
795,-0.03553178533911705
796,0.001042935997247696
797,-0.01932944916188717
798,-0.05493403226137161
799,-0.012070265598595142
800,-0.0313662588596344
801,-0.017831815406680107
802,-0.0200856514275074
803,-0.003047197125852108
804,-0.010457493364810944
805,-0.03827027603983879
806,0.026086479425430298
807,-0.0041339099407196045
808,-0.004695473238825798
809,-0.009062888100743294
810,-0.013189656659960747
811,-0.02690013311803341
812,-0.02002381719648838
813,-0.02182377688586712
814,-0.0061609577387571335
815,-0.005007034167647362
816,0.006045788526535034
817,0.024419769644737244
818,0.0014114477671682835
819,-0.024262279272079468
820,0.013073655776679516
821,-0.025767704471945763
822,-0.027826854959130287
823,0.010710291564464569
824,-0.023953311145305634
825,-0.01517974678426981
826,-0.028410881757736206
827,-0.007191027514636517
828,0.012718422338366508
829,-0.027730248868465424
830,0.00015200977213680744
831,-0.00034589599817991257
832,-0.010474502108991146
833,-0.012574080377817154
834,-0.03128940612077713
835,0.022049058228731155
836,-0.0007848218083381653
837,0.005729612894356251
838,-0.01519689243286848
839,0.006047336850315332
840,-0.011508399620652199
841,-0.012814393267035484
842,-0.010041706264019012
843,0.0035253961104899645
844,-0.027405831962823868
845,0.0027908601332455873
846,-0.008931062184274197
847,0.027501005679368973
848,-0.001511218724772334
849,-0.006415910087525845
850,-0.024161970242857933
851,-0.03967873752117157
852,-0.007128938101232052
853,-0.021113507449626923
854,-0.0060286745429039
855,-0.016163315623998642
856,0.00016320310533046722
857,-0.0026077302172780037
858,-0.015513915568590164
859,0.0026211580261588097
860,-0.033151775598526
861,-0.02517068386077881
862,-0.015674371272325516
863,-0.008573560044169426
864,-0.003849563654512167
865,-0.0037129800766706467
866,-0.015375553630292416
867,0.0022359387949109077
868,-0.02869996801018715
869,-0.005218371748924255
870,0.01013033278286457
871,0.002588896546512842
872,-0.014347673393785954
873,-0.018511002883315086
874,-0.02613655850291252
875,-0.015177391469478607
876,0.0057624634355306625
877,-0.034760259091854095
878,-0.01153657492250204
879,-0.017562787979841232
880,0.004520047456026077
881,0.015403436496853828
882,-0.00957044493407011
883,-0.027999039739370346
884,-0.02402997761964798
885,0.009411925449967384
886,-0.012113896198570728
887,-0.007771276403218508
888,0.006998988799750805
889,-0.007134213112294674
890,-0.004051361232995987
891,-0.014427830465137959
892,-0.014733051881194115
893,0.004701234400272369
894,-0.02814360335469246
895,0.013960498385131359
896,-0.013558244332671165
897,-0.017119789496064186
898,-0.028387682512402534
899,0.02836899645626545
900,-0.005305915139615536
901,-0.016350746154785156
902,-0.007774672470986843
903,-0.0010409001260995865
904,-0.02062203362584114
905,-0.023370716720819473
906,-0.012421021237969398
907,0.007734303362667561
908,-0.0014743932988494635
909,-0.011501599103212357
910,0.038690775632858276
911,7.726065814495087e-05
912,-0.022722283378243446
913,-0.01902824454009533
914,-0.001872475491836667
915,-0.005926669575273991
916,-0.001274291891604662
917,-0.008263099938631058
918,-0.011347699910402298
919,0.009433964267373085
920,-0.0017611701041460037
921,-0.03789821267127991
922,-0.000955760246142745
923,0.00299796462059021
924,-0.006415644660592079
925,0.0015468718484044075
926,-0.012568061240017414
927,-0.03291040286421776
928,-0.01325162686407566
929,0.005141101777553558
930,-0.03078318014740944
931,-0.0004888973198831081
932,0.02434982731938362
933,-0.010702899657189846
934,-0.002738483250141144
935,-0.0006225742399692535
936,0.0019336920231580734
937,-0.024950135499238968
938,-0.02773113176226616
939,0.007233915384858847
940,0.006946548819541931
941,-0.014682779088616371
942,-0.008542502298951149
943,-0.02596176788210869
944,0.01861925981938839
945,-0.030043818056583405
946,-0.009804719127714634
947,0.0024857455864548683
948,0.0018305382691323757
949,-0.0011415425688028336
950,0.010117456316947937
951,-0.008790646679699421
952,0.005174911580979824
953,-0.017949219793081284
954,0.02093835175037384
955,-0.03157703951001167
956,0.0006992742419242859
957,0.00043252576142549515
958,0.00016105826944112778
959,-0.00861828587949276
960,0.001087753800675273
961,-0.005992190912365913
962,0.002710032742470503
963,0.004822229500859976
964,0.0164092555642128
965,-0.011983094736933708
966,0.007473601959645748
967,-0.00346044497564435
968,-0.01393180526793003
969,0.003506708424538374
970,-0.031413935124874115
971,0.008933644741773605
972,0.014119459316134453
973,0.014033157378435135
974,-0.019898364320397377
975,-0.0048376694321632385
976,-0.002305649220943451
977,0.013924650847911835
978,0.016098136082291603
979,0.012224528938531876
980,0.023546399548649788
981,0.006085444241762161
982,-0.022897057235240936
983,0.01159021444618702
984,-0.01582520268857479
985,-0.007727825082838535
986,-0.03516395017504692
987,-0.008606839925050735
988,0.016465306282043457
989,-0.023226799443364143
990,-0.01950431428849697
991,0.0023616100661456585
992,-0.004239780828356743
993,1.4552148059010506e-05
994,0.008807668462395668
995,-0.028575832024216652
996,0.019285300746560097
997,0.0022326968610286713
998,0.004502672236412764
999,-0.00045125395990908146
1000,-0.020857486873865128
1001,-0.022140035405755043
1002,-0.03781412914395332
1003,0.004279015585780144
1004,-0.005098892375826836
1005,-0.006928066723048687
1006,-0.0029143993742763996
1007,0.02055056393146515
1008,-0.009354714304208755
1009,0.026662815362215042
1010,-0.0033038179390132427
1011,0.018473472446203232
1012,0.013086875900626183
1013,-0.02176499553024769
1014,-0.007910910062491894
1015,0.012385113164782524
1016,-0.002235070336610079
1017,0.010051784105598927
1018,-0.013203339651226997
1019,-0.018939277157187462
1020,-0.03803049027919769
1021,0.020748581737279892
1022,-0.012291190214455128
1023,0.02287384681403637
1024,0.006280889734625816
1025,-0.0055045681074261665
1026,-0.017498919740319252
1027,-0.046735215932130814
1028,-0.013002141378819942
1029,0.0065009803511202335
1030,0.028162959963083267
1031,-0.018530815839767456
1032,0.01604047231376171
1033,-0.0036327920388430357
1034,0.03094431199133396
1035,0.02294355258345604
1036,0.005171985365450382
1037,-0.011940172873437405
1038,-0.01454119011759758
1039,-5.5441632866859436e-05
1040,0.001085991389118135
1041,0.009338289499282837
1042,-0.011022166348993778
1043,0.028986306861042976
1044,-0.013091735541820526
1045,0.004171447362750769
1046,-0.02583710104227066
1047,-0.019766461104154587
1048,0.0031031128019094467
1049,-0.0011147074401378632
1050,-0.00732823833823204
1051,-0.019169654697179794
1052,0.0032337168231606483
1053,0.02750319615006447
1054,0.03313214331865311
1055,-0.03811009228229523
1056,0.023048877716064453
1057,0.0214427188038826
1058,-0.0018808769527822733
1059,0.012693674303591251
1060,0.0311286598443985
1061,-0.006475594826042652
1062,0.008071107789874077
1063,0.029033523052930832
1064,-0.00435599684715271
1065,0.003499823622405529
1066,0.009780616499483585
1067,-0.00254126638174057
1068,-0.007928730919957161
1069,0.011406632140278816
1070,-0.011098631657660007
1071,-0.013957721181213856
1072,0.0038860728964209557
1073,0.0025462061166763306
1074,0.010835367254912853
1075,0.03352578729391098
1076,-0.0187826044857502
1077,0.02048262022435665
1078,-0.013959689065814018
1079,0.02691958099603653
1080,0.0069722020998597145
1081,0.01949889212846756
1082,0.02894863486289978
1083,0.0033616703003644943
1084,0.002069741953164339
1085,-0.011643068864941597
1086,-0.027844272553920746
1087,0.010009566321969032
1088,-0.009767885319888592
1089,-0.008440898731350899
1090,0.0034981584176421165
1091,0.007979346439242363
1092,-0.016737978905439377
1093,-0.008847052231431007
1094,0.007175999693572521
1095,0.0037739723920822144
1096,-0.017325928434729576
1097,0.008932435885071754
1098,-0.021065067499876022
1099,-0.028503254055976868
1100,0.011378414928913116
1101,0.013536275364458561
1102,0.023448659107089043
1103,-0.02483515627682209
1104,0.011859620921313763
1105,0.02974993735551834
1106,0.010082295164465904
1107,-0.02836817316710949
1108,0.0009590946137905121
1109,0.008946623653173447
1110,-0.03219985216856003
1111,-0.0005018333904445171
1112,0.020593110471963882
1113,-0.02425641566514969
1114,0.02642098441720009
1115,0.021386398002505302
1116,-0.03513211011886597
1117,0.0020810174755752087
1118,-0.04673020914196968
1119,-0.027785051614046097
1120,0.00426817312836647
1121,-0.01162684801965952
1122,0.036883316934108734
1123,-0.01103966310620308
1124,-0.026123283430933952
1125,0.005163362715393305
1126,-0.007326236926019192
1127,-0.016607824712991714
1128,-0.018522366881370544
1129,-0.01347583718597889
1130,0.0025227852165699005
1131,-0.03152792155742645
1132,0.023097550496459007
1133,-0.020789356902241707
1134,-0.009634509682655334
1135,0.006179124116897583
1136,-0.02907663583755493
1137,0.010465612635016441
1138,0.013171110302209854
1139,0.007342476863414049
1140,0.007244166452437639
1141,-0.035747215151786804
1142,0.0037793214432895184
1143,0.011654149740934372
1144,-0.006653814576566219
1145,0.02662608027458191
1146,0.013094713911414146
1147,0.0028220773674547672
1148,-0.011209851130843163
1149,0.022137248888611794
1150,0.003176108468323946
1151,0.04914578050374985
1152,0.01900220848619938
1153,-0.01686272770166397
1154,0.009457972832024097
1155,0.021424252539873123
1156,-0.004858897067606449
1157,-0.02856600284576416
1158,0.005437149666249752
1159,0.04016759991645813
1160,0.006327326409518719
1161,0.014816713519394398
1162,0.007896694354712963
1163,-0.026915859431028366
1164,-0.005154641345143318
1165,-0.002491452731192112
1166,0.03456347808241844
1167,0.037538349628448486
1168,0.011915024369955063
1169,-0.004470520187169313
1170,0.003623055759817362
1171,-0.0006108302623033524
1172,0.002203663345426321
1173,-0.003055027686059475
1174,-0.004582424648106098
1175,0.02273232489824295
1176,-0.0008589597418904305
1177,0.012967104092240334
1178,0.039656177163124084
1179,-0.006265198811888695
1180,-0.021099090576171875
1181,-0.024736735969781876
1182,0.018560677766799927
1183,0.0161746796220541
1184,0.007904067635536194
1185,-0.0073894173838198185
1186,0.008313106372952461
1187,0.017145933583378792
1188,0.009416144341230392
1189,0.022887691855430603
1190,0.002333022654056549
1191,0.017763298004865646
1192,-0.002727009356021881
1193,-0.014929039403796196
1194,0.026660233736038208
1195,-0.008790613152086735
1196,-0.025272473692893982
1197,0.01028231717646122
1198,0.022342432290315628
1199,0.00027431268244981766
1200,-0.03253864496946335
1201,0.014028340578079224
1202,0.005308228544890881
1203,0.012694100849330425
1204,-0.003769173286855221
1205,0.015596816316246986
1206,0.014398116618394852
1207,0.020796112716197968
1208,0.011512449942529202
1209,0.010239394381642342
1210,0.027005774900317192
1211,0.0030646142549812794
1212,-0.013117372058331966
1213,0.03494832664728165
1214,0.017757810652256012
1215,0.03089212439954281
1216,0.02443539723753929
1217,0.006509125232696533
1218,0.022626500576734543
1219,0.01344384253025055
1220,0.030574772506952286
1221,-0.017077064141631126
1222,0.008425269275903702
1223,0.021677572280168533
1224,0.010316986590623856
1225,-0.015273336321115494
1226,-0.03875638172030449
1227,0.05379083752632141
1228,-0.0013500829227268696
1229,0.010597349144518375
1230,0.013320168480277061
1231,-0.013815239071846008
1232,-0.001291395165026188
1233,0.048227306455373764
1234,-0.011696193367242813
1235,-0.03821547329425812
1236,0.024366408586502075
1237,0.007618368603289127
1238,-0.003743664361536503
1239,0.030463911592960358
1240,0.0029087597504258156
1241,-0.0010608690790832043
1242,0.006129775196313858
1243,-0.0030196290463209152
1244,0.029721705242991447
1245,-0.012261724099516869
1246,-0.002929569687694311
1247,0.003247226122766733
1248,0.010478151962161064
1249,0.013159232214093208
1250,0.01541062816977501
1251,0.007337089627981186
1252,0.007217309437692165
1253,0.011020442470908165
1254,-0.012636851519346237
1255,0.029362346976995468
1256,-0.0213274247944355
1257,0.004609853029251099
1258,-0.009631097316741943
1259,0.008265309035778046
1260,-0.019205020740628242
1261,0.016666553914546967
1262,-0.006900044158101082
1263,0.03024987503886223
1264,0.0036957794800400734
1265,0.029012814164161682
1266,0.026216521859169006
1267,-0.012105653993785381
1268,0.001063554547727108
1269,-0.0011571552604436874
1270,0.018793150782585144
1271,0.012947249226272106
1272,0.0007352926768362522
1273,0.0193449929356575
1274,0.01873677596449852
1275,0.007252962328493595
1276,0.014781976118683815
1277,0.013835052959620953
1278,0.008594760671257973
1279,0.012750999070703983
1280,-0.009531708434224129
1281,-0.026250481605529785
1282,-0.02079523168504238
1283,0.003339429385960102
1284,0.02894207276403904
1285,-0.010018627159297466
1286,0.0235602967441082
1287,0.038883842527866364
1288,-0.0190297681838274
1289,0.039361707866191864
1290,0.020462213084101677
1291,0.017132168635725975
1292,-0.039896391332149506
1293,0.02889879420399666
1294,0.008817729540169239
1295,0.018631920218467712
1296,-0.013644272461533546
1297,0.035206183791160583
1298,-0.0023762397468090057
1299,-0.013361334800720215
1300,0.0028326399624347687
1301,-0.0036371946334838867
1302,-0.005058560520410538
1303,-0.0013423655182123184
1304,-0.03104180470108986
1305,0.009422486647963524
1306,-0.01924143172800541
1307,0.03672366589307785
1308,-5.320529453456402e-05
1309,-0.03501056879758835
1310,-0.014854720793664455
1311,0.009851563721895218
1312,0.0009632259607315063
1313,0.028457682579755783
1314,0.01470113079994917
1315,-0.02554631605744362
1316,0.013169980607926846
1317,-0.0046525862999260426
1318,0.023429609835147858
1319,0.0024260813370347023
1320,-0.040690287947654724
1321,0.012938139028847218
1322,0.011960900388658047
1323,0.0006373184733092785
1324,0.016735851764678955
1325,-0.00953136570751667
1326,-0.018742354586720467
1327,0.02125353179872036
1328,0.0015116618014872074
1329,-0.03368398919701576
1330,0.0230243019759655
1331,0.02768794074654579
1332,-0.034831173717975616
1333,0.010778151452541351
1334,0.0368398055434227
1335,0.02973795309662819
1336,-0.030090998858213425
1337,0.014968997798860073
1338,0.009821167215704918
1339,-0.022851640358567238
1340,0.0312529131770134
1341,0.008611507713794708
1342,0.030092474073171616
1343,0.003477652557194233
1344,0.02418094128370285
1345,0.02099183388054371
1346,-0.008901682682335377
1347,-0.002445473335683346
1348,0.02269955724477768
1349,0.009507924318313599
1350,0.0014853156171739101
1351,0.02333134040236473
1352,0.030723972246050835
1353,0.05121491104364395
1354,0.020934324711561203
1355,0.020059220492839813
1356,-0.02136741206049919
1357,0.033483199775218964
1358,-0.02423989027738571
1359,0.007152806967496872
1360,-0.0024314550682902336
1361,0.027592282742261887
1362,0.026964515447616577
1363,-0.014006448909640312
1364,0.024156318977475166
1365,0.0231919027864933
1366,-0.000635695643723011
1367,0.0504688024520874
1368,-0.02109038643538952
1369,0.006754733622074127
1370,0.02818360924720764
1371,-0.00033666566014289856
1372,-0.0035496875643730164
1373,-0.028874337673187256
1374,0.014635792002081871
1375,-0.019512226805090904
1376,0.029965844005346298
1377,0.000977151095867157
1378,0.03379286080598831
1379,0.0005553718656301498
1380,-0.004377976059913635
1381,0.0406811460852623
1382,-0.0014648842625319958
1383,0.017718765884637833
1384,0.029736842960119247
1385,0.014971456490457058
1386,0.0599728487432003
1387,0.025477334856987
1388,0.010090924799442291
1389,-0.003352169878780842
1390,0.01675448752939701
1391,0.043692447245121
1392,0.023348014801740646
1393,0.016063539311289787
1394,0.04181922227144241
1395,-0.0070813908241689205
1396,-0.007967869751155376
1397,-0.00642802007496357
1398,0.040146857500076294
1399,0.008585670962929726
1400,0.028999164700508118
1401,0.00982977170497179
1402,-0.006492765620350838
1403,0.014063172042369843
1404,-0.010616895742714405
1405,-0.00327241700142622
1406,0.01916370540857315
1407,0.0020472686737775803
1408,0.005576481111347675
1409,0.039418987929821014
1410,-0.009097432717680931
1411,0.03002208098769188
1412,0.048383817076683044
1413,0.02805701456964016
1414,0.01790335215628147
1415,0.02715165540575981
1416,0.039398904889822006
1417,0.01823793351650238
1418,0.05546748638153076
1419,0.0024557020515203476
1420,0.0016821576282382011
1421,0.029949868097901344
1422,0.02416808530688286
1423,0.06143924966454506
1424,0.039939481765031815
1425,0.005205031484365463
1426,0.04373487830162048
1427,0.009081881493330002
1428,0.028889087960124016
1429,0.04781363159418106
1430,0.06074715778231621
1431,0.03703150153160095
1432,0.01614587940275669
1433,0.007031937129795551
1434,0.06678621470928192
1435,0.007518761791288853
1436,0.021957270801067352
1437,0.003549596294760704
1438,0.04118882119655609
1439,0.04298034682869911
1440,0.00022533535957336426
1441,0.032962702214717865
1442,0.022676751017570496
1443,-0.0028411448001861572
1444,0.03068339079618454
1445,0.09459921717643738
1446,-0.011974312365055084
1447,0.03030661679804325
1448,0.00023158174008131027
1449,0.03347088396549225
1450,0.05179465562105179
1451,0.047111812978982925
1452,-0.011970099061727524
1453,0.015454032458364964
1454,0.05194121599197388
1455,0.018778806552290916
1456,0.037852320820093155
1457,-0.005100511014461517
1458,0.033469777554273605
1459,0.017918657511472702
1460,0.026503466069698334
1461,-0.01149214431643486
1462,0.051267627626657486
1463,0.03653206676244736
1464,-0.0017446621786803007
1465,0.013142062351107597
1466,0.0023815003223717213
1467,0.01969091035425663
1468,0.08095879852771759
1469,0.005331102758646011
1470,-0.013054301030933857
1471,0.027143048122525215
1472,0.04051288217306137
1473,0.02684713341295719
1474,0.04548487812280655
1475,0.03279399871826172
1476,0.06586460024118423
1477,0.03228162229061127
1478,0.05763290077447891
1479,-0.007719117216765881
1480,-0.012596918269991875
1481,0.023705318570137024
1482,0.02183438092470169
1483,0.011374514549970627
1484,0.01392989419400692
1485,0.023878518491983414
1486,0.019132599234580994
1487,0.011586399748921394
1488,0.041723720729351044
1489,0.09119594097137451
1490,0.0532589927315712
1491,0.015625666826963425
1492,-0.006893216632306576
1493,0.028489483520388603
1494,0.05999210849404335
1495,-0.008663957938551903
1496,0.019045375287532806
1497,0.03121432103216648
1498,0.05822192132472992
1499,0.01907009817659855
1500,0.01743636652827263
1501,0.036646366119384766
1502,-0.019495274871587753
1503,0.035973820835351944
1504,-0.0233757384121418
1505,0.018587183207273483
1506,0.06525613367557526
1507,-0.012947427108883858
1508,0.029837369918823242
1509,-0.002348296344280243
1510,0.027669895440340042
1511,-0.021537763997912407
1512,-0.0012704264372587204
1513,0.005211040377616882
1514,0.03615023195743561
1515,-0.008633103221654892
1516,0.018516436219215393
1517,0.05752331018447876
1518,0.01578383520245552
1519,0.046836141496896744
1520,-0.007454163394868374
1521,-0.03651423752307892
1522,0.034521736204624176
1523,-0.0013087643310427666
1524,-0.013609986752271652
1525,0.02025151625275612
1526,0.007231779396533966
1527,0.02735511213541031
1528,0.016003552824258804
1529,-0.016071420162916183
1530,0.019273608922958374
1531,0.08621285855770111
1532,0.01655225269496441
1533,0.020285379141569138
1534,-0.0060859546065330505
1535,0.004708700813353062
1536,-0.006565706804394722
1537,0.04472189396619797
1538,0.059972018003463745
1539,0.02398259937763214
1540,0.06426287442445755
1541,0.034316398203372955
1542,0.017647091299295425
1543,0.022437427192926407
1544,0.014827240258455276
1545,0.008520739153027534
1546,-0.013774559833109379
1547,0.03208518400788307
1548,0.014736352488398552
1549,-0.038296595215797424
1550,0.01973121240735054
1551,0.07898736000061035
1552,-0.008543325588107109
1553,-0.03200501203536987
1554,-0.01998850144445896
1555,0.05236747860908508
1556,0.025963637977838516
1557,0.018970102071762085
1558,0.026688173413276672
1559,0.013653133064508438
1560,0.025502290576696396
1561,0.04480684921145439
1562,0.010926326736807823
1563,-0.007157520391047001
1564,0.005982445552945137
1565,0.011170759797096252
1566,0.00778050534427166
1567,0.03396793454885483
1568,0.03166676685214043
1569,0.02405688166618347
1570,0.005444824695587158
1571,-0.006728921085596085
1572,0.016013847663998604
1573,0.04945503920316696
1574,-0.002522987313568592
1575,0.044086113572120667
1576,0.020373135805130005
1577,0.015386417508125305
1578,0.060291588306427
1579,-0.013875269331037998
1580,0.02428954467177391
1581,0.0533289909362793
1582,0.03116443008184433
1583,-0.002463127486407757
1584,-0.0360143780708313
1585,0.05433342978358269
1586,0.002877107821404934
1587,-0.05062393844127655
1588,-0.02336803823709488
1589,-0.0448300801217556
1590,0.0677591860294342
1591,-0.05125061422586441
1592,0.01154068112373352
1593,0.018193602561950684
1594,0.009974358603358269
1595,0.058786001056432724
1596,0.024951467290520668
1597,0.018679754808545113
1598,0.027105029672384262
1599,0.0029416214674711227
1600,0.02237974852323532
1601,0.013523292727768421
1602,0.03635959327220917
1603,0.038597509264945984
1604,0.006545746698975563
1605,0.030129842460155487
1606,-0.003369145095348358
1607,-0.022074902430176735
1608,0.01866130903363228
1609,0.03966351971030235
1610,0.09665396809577942
1611,-0.011804944835603237
1612,-0.009968772530555725
1613,0.023903774097561836
1614,0.04464903101325035
1615,-0.01714957132935524
1616,0.02623160183429718
1617,0.04613534361124039
1618,-0.024501822888851166
1619,-0.009301695972681046
1620,0.0192923191934824
1621,-0.03349095210433006
1622,0.01723034679889679
1623,-0.007818739861249924
1624,-0.011586956679821014
1625,0.018021706491708755
1626,0.006602764129638672
1627,0.05016282945871353
1628,0.07148785889148712
1629,-0.004563586786389351
1630,0.011839340440928936
1631,0.057644784450531006
1632,0.04353979602456093
1633,0.019632812589406967
1634,0.004555560648441315
1635,0.013392245396971703
1636,-0.008630016818642616
1637,-0.004972200840711594
1638,0.01668158359825611
1639,0.049098722636699677
1640,-0.038285642862319946
1641,0.011772172525525093
1642,-0.0033915918320417404
1643,0.03350419923663139
1644,-0.035061292350292206
1645,-0.002788834273815155
1646,0.0027923285961151123
1647,-0.02823212556540966
1648,0.02023707702755928
1649,0.03036823496222496
1650,0.10350936651229858
1651,0.08891121298074722
1652,0.07951200753450394
1653,0.012399527244269848
1654,0.07518995553255081
1655,0.02541196718811989
1656,0.08407416939735413
1657,0.04567757248878479
1658,0.023011991754174232
1659,0.0012555024586617947
1660,0.038545768707990646
1661,0.042196568101644516
1662,0.01505365502089262
1663,0.046780869364738464
1664,-0.029910478740930557
1665,-0.0026331134140491486
1666,-0.01565707102417946
1667,0.07694574445486069
1668,0.016612721607089043
1669,0.02050204575061798
1670,0.10188201069831848
1671,-0.025293657556176186
1672,0.0017278967425227165
1673,0.06626321375370026
1674,0.032980240881443024
1675,0.012476503849029541
1676,0.03156164661049843
1677,-0.01763114705681801
1678,0.0322815366089344
1679,-0.06112026423215866
1680,-0.008110590279102325
1681,0.047141898423433304
1682,0.06059510260820389
1683,0.011871584691107273
1684,0.028150048106908798
1685,-0.023742932826280594
1686,0.019281374290585518
1687,-0.022495754063129425
1688,0.04443514719605446
1689,0.047130286693573
1690,0.045595236122608185
1691,0.03346797078847885
1692,0.010987391695380211
1693,0.033379144966602325
1694,0.04363671690225601
1695,0.05064251646399498
1696,0.027488289400935173
1697,-0.017744310200214386
1698,0.08557702600955963
1699,-0.018827028572559357
1700,0.009916081093251705
1701,0.06712537258863449
1702,0.009533846750855446
1703,0.03198494017124176
1704,0.022097475826740265
1705,-0.015690982341766357
1706,0.03641563281416893
1707,-0.027488552033901215
1708,0.04485612362623215
1709,0.02732238918542862
1710,-0.014033647254109383
1711,0.030348295345902443
1712,0.030741428956389427
1713,0.04182858020067215
1714,0.01139327697455883
1715,0.017420053482055664
1716,-0.02593105100095272
1717,-0.019523048773407936
1718,0.027399223297834396
1719,0.055794619023799896
1720,0.012451385147869587
1721,0.02345386892557144
1722,0.06432689726352692
1723,0.025843974202871323
1724,0.0675884485244751
1725,0.014347273856401443
1726,-0.03322185203433037
1727,-0.01848636567592621
1728,0.056713007390499115
1729,0.04184667393565178
1730,0.07124163210391998
1731,0.015893790870904922
1732,0.03969511389732361
1733,0.0366755947470665
1734,-0.008595813065767288
1735,0.024708762764930725
1736,0.013902395963668823
1737,0.028960274532437325
1738,0.03982674330472946
1739,0.03274737671017647
1740,0.0012465156614780426
1741,0.04052131623029709
1742,0.02083588019013405
1743,0.055104807019233704
1744,0.05725704878568649
1745,0.05750671774148941
1746,0.0588548518717289
1747,-0.024260815232992172
1748,0.004754234105348587
1749,0.010935982689261436
1750,0.027871500700712204
1751,0.08748557418584824
1752,-0.032457996159791946
1753,0.027718601748347282
1754,0.009228767827153206
1755,0.01437181606888771
1756,0.024997614324092865
1757,0.049401476979255676
1758,0.06237845867872238
1759,0.02860044315457344
1760,0.04365978389978409
1761,0.08338738977909088
1762,0.05814515799283981
1763,-0.01273572538048029
1764,0.056673478335142136
1765,-0.019196070730686188
1766,0.025765489786863327
1767,0.030555397272109985
1768,-0.014735421165823936
1769,-0.028655247762799263
1770,-0.03804796189069748
1771,0.026402195915579796
1772,0.06620046496391296
1773,0.006985316053032875
1774,0.017173323780298233
1775,0.06337166577577591
1776,0.013412460684776306
1777,0.024335958063602448
1778,0.005235049873590469
1779,0.06968607008457184
1780,0.029434949159622192
1781,0.020142892375588417
1782,-0.05205802246928215
1783,-0.014214687049388885
1784,0.06156101077795029
1785,-0.0002060295082628727
1786,-0.007670419290661812
1787,0.053201012313365936
1788,0.031734026968479156
1789,0.0017710234969854355
1790,0.001736384117975831
1791,0.054275646805763245
1792,0.027662178501486778
1793,-0.020566187798976898
1794,-0.03583914786577225
1795,-0.031381599605083466
1796,0.04079394415020943
1797,0.0446476936340332
1798,-0.009531265124678612
1799,0.07095015048980713
1800,0.06739316880702972
1801,-0.010056906379759312
1802,-0.019447047263383865
1803,-0.01596655510365963
1804,0.13534149527549744
1805,0.04106069728732109
1806,0.03558773919939995
1807,0.001157277263700962
1808,0.031962040811777115
1809,-0.0020038047805428505
1810,0.010104646906256676
1811,0.05068294703960419
1812,0.045394167304039
1813,-0.011163521558046341
1814,0.05095608904957771
1815,-0.016704777255654335
1816,0.02451915666460991
1817,0.01882665976881981
1818,0.0076983049511909485
1819,0.04092437028884888
1820,0.04078247770667076
1821,0.04147394746541977
1822,0.0762115940451622
1823,0.009103573858737946
1824,0.008722227066755295
1825,-0.005531666334718466
1826,0.029570750892162323
1827,0.04823887720704079
1828,0.05654314160346985
1829,0.049717698246240616
1830,0.01338190957903862
1831,-0.023923322558403015
1832,-0.02411472424864769
1833,0.023393571376800537
1834,0.052831459790468216
1835,0.041688866913318634
1836,0.049018360674381256
1837,0.0050515905022621155
1838,0.06895657628774643
1839,0.03825142979621887
1840,0.08312062174081802
1841,-0.02408456802368164
1842,-0.010282563976943493
1843,-0.03285370022058487
1844,-0.014734432101249695
1845,-0.06580006331205368
1846,0.1039968729019165
1847,-0.013536383397877216
1848,0.02953798696398735
1849,0.05765362083911896
1850,0.06096573919057846
1851,-0.015157450921833515
1852,0.07064438611268997
1853,0.023396212607622147
1854,-0.016978226602077484
1855,0.063956119120121
1856,0.13747496902942657
1857,0.027196025475859642
1858,0.019899573177099228
1859,0.05491429567337036
1860,0.041453830897808075
1861,0.033512722700834274
1862,0.03698165714740753
1863,0.0023960890248417854
1864,0.03978421911597252
1865,0.02851739525794983
1866,-0.024141738191246986
1867,0.021224889904260635
1868,0.07992513477802277
1869,0.10349413752555847
1870,-0.0004499591886997223
1871,0.08907397091388702
1872,0.06203079596161842
1873,-0.010945286601781845
1874,0.061609599739313126
1875,0.10514329373836517
1876,-0.000657043419778347
1877,0.05483598634600639
1878,0.010892004705965519
1879,0.030010778456926346
1880,0.06852436810731888
1881,-0.017082590609788895
1882,-0.004134288989007473
1883,0.07503307610750198
1884,0.039787955582141876
1885,0.06763563305139542
1886,0.10888630151748657
1887,0.05737105756998062
1888,-0.01665075123310089
1889,0.10654814541339874
1890,-0.0011479388922452927
1891,0.039109937846660614
1892,-0.05644475668668747
1893,0.06609024107456207
1894,-0.05039922893047333
1895,0.03987579047679901
1896,0.05492174252867699
1897,-0.03978405520319939
1898,-0.03998885303735733
1899,0.05987991392612457
1900,0.08854162693023682
1901,0.04147390276193619
1902,0.0034993700683116913
1903,0.006768263876438141
1904,0.04071837663650513
1905,0.06412752717733383
1906,0.0733243077993393
1907,-0.010636281222105026
1908,-0.020206525921821594
1909,0.013529431074857712
1910,0.023568516597151756
1911,0.07198936492204666
1912,0.04361993074417114
1913,0.04904552549123764
1914,-0.009166352450847626
1915,0.08821777254343033
1916,0.07403170317411423
1917,0.02019498124718666
1918,-0.04550178349018097
1919,-0.022305402904748917
1920,0.06492031365633011
1921,0.015364432707428932
1922,0.048068784177303314
1923,0.02513020485639572
1924,-0.017753470689058304
1925,0.04206126928329468
1926,0.051567189395427704
1927,0.008599840104579926
1928,0.017880570143461227
1929,0.053600408136844635
1930,-0.015280640684068203
1931,-0.019419021904468536
1932,-0.028293583542108536
1933,-0.05735208839178085
1934,0.03360844403505325
1935,0.04118788242340088
1936,0.027674134820699692
1937,0.0319608598947525
1938,0.04779725521802902
1939,0.018579358235001564
1940,-0.045465707778930664
1941,0.0727396085858345
1942,0.0365375354886055
1943,0.027553973719477654
1944,0.015235347673296928
1945,-0.013997705653309822
1946,-0.0242368932813406
1947,0.06700147688388824
1948,0.01798967272043228
1949,0.018618067726492882
1950,0.008753107860684395
1951,0.0766480416059494
1952,-0.02234528958797455
1953,-0.04327438026666641
1954,0.02157311514019966
1955,0.08590219914913177
1956,-0.025816068053245544
1957,-0.026336967945098877
1958,0.043783172965049744
1959,0.011199990287423134
1960,0.033336248248815536
1961,0.06545113772153854
1962,0.022130105644464493
1963,-0.01543619018048048
1964,0.04721812158823013
1965,0.090959332883358
1966,0.06743641942739487
1967,0.08025572448968887
1968,0.05005966126918793
1969,-0.03374388813972473
1970,0.11362215131521225
1971,0.0757732167840004
1972,0.028221821412444115
1973,0.05980585515499115
1974,0.12985870242118835
1975,-0.027890644967556
1976,0.06409333646297455
1977,-0.008390700444579124
1978,0.0010674502700567245
1979,0.11111804097890854
1980,-0.01825762540102005
1981,0.023137371987104416
1982,0.05002608895301819
1983,-0.02221577987074852
1984,0.044465698301792145
1985,0.06064588204026222
1986,0.04709246754646301
1987,0.01938313990831375
1988,0.07163505256175995
1989,0.011920923367142677
1990,-0.013686174526810646
1991,0.0626896321773529
1992,0.08157096803188324
1993,0.05904703214764595
1994,0.017273958772420883
1995,-0.09935619682073593
1996,0.10940395295619965
1997,0.011421920731663704
1998,0.08300050348043442
