,PV
0,14568.214154708221
1,14593.00241190508
2,14641.138885772489
3,14681.42747626939
4,14724.044056371878
5,14782.816813331958
6,14832.625923881173
7,14883.725136510362
8,14921.739059145679
9,14968.302439310743
10,15018.454424914233
11,15054.304769103313
12,15114.92535587933
13,15184.568103612997
14,15257.109724447224
15,15323.496756805413
16,15378.600428359006
17,15431.976653748912
18,15479.772786454216
19,15522.011584659671
20,15539.987841770764
21,15522.789057644968
22,15521.47713675959
23,15535.721483754856
24,15548.284839639233
25,15582.285889526602
26,15599.456495364233
27,15617.357223951392
28,15625.262038041225
29,15605.311458795297
30,15559.585789084824
31,15534.141411353847
32,15472.677400456821
33,15479.077105235046
34,15416.936785467688
35,15278.458138195401
36,15194.81373936939
37,15092.208521057084
38,15007.78549881218
39,15028.006778274324
40,15052.210950603303
41,15036.265772138737
42,15036.966617215523
43,15021.441992276792
44,14976.19445932488
45,14992.86316056157
46,14960.119682297915
47,14926.700313537021
48,14863.061609640954
49,14883.684056274247
50,14915.375440829788
51,14956.894926193469
52,15023.602294582182
53,15061.539776899663
54,15096.784327159301
55,15124.743154669426
56,15132.359505904798
57,15125.730907460922
58,15087.296500006694
59,14982.187725362106
60,14914.338910304032
61,14830.539160347427
62,14767.945106383011
63,14758.851338230426
64,14749.018318105585
65,14687.616752837152
66,14651.423349799381
67,14567.116318768449
68,14477.411796834058
69,14373.79775888774
70,14239.872805474555
71,14149.966913409247
72,14026.50120808308
73,13915.767592998047
74,13798.947489201202
75,13758.284082202943
76,13800.33847229529
77,13853.291275461757
78,13904.366607870683
79,13870.294533659797
80,13859.978390500059
81,13841.584068278455
82,13848.436003551686
83,13909.2993773207
84,13914.579523677163
85,13847.65676839681
86,13779.42564316743
87,13784.320978161573
88,13779.69132006587
89,13702.593973442112
90,13635.118135561574
91,13569.809819295679
92,13462.347332896308
93,13441.093416205915
94,13458.995052368322
95,13486.889115068074
96,13480.609204549688
97,13521.535265216464
98,13521.290165762006
99,13482.931589844724
100,13373.15146174169
101,13272.67551583921
102,13260.596351009906
103,13226.603675058655
104,13153.914838553086
105,13044.492220012507
106,13009.267108297488
107,13085.854583439746
108,13178.705083101595
109,13301.517965734018
110,13379.375957876951
111,13487.628858902986
112,13545.896346287926
113,13638.439322511964
114,13708.167739967996
115,13791.40817202102
116,13908.662339155313
117,13981.198115537916
118,14004.301328214595
119,14031.994486040965
120,14095.57839583591
121,14096.695139122683
122,14060.926961084588
123,14041.752403598874
124,13998.750104746927
125,13934.428927741945
126,13877.130678374231
127,13881.378860709738
128,13844.95989916606
129,13802.954662812146
130,13816.808390382044
131,13807.66116293923
132,13745.61603157693
133,13625.998838462321
134,13560.024665550367
135,13431.71618569984
136,13324.973145276681
137,13290.571269657734
138,13188.871668151323
139,13136.434602736987
140,13091.5564428804
141,13122.559386452283
142,13038.86966173837
143,12916.346218972441
144,12724.481433618497
145,12580.538064392635
146,12407.07433957147
147,12272.653087081431
148,12245.729746498673
149,12192.759542749143
150,12194.130404712432
151,12099.038508318761
152,12038.37046763303
153,11981.257741253798
154,11961.862677125333
155,11895.040990761221
156,11871.674856281492
157,11910.71333970717
158,12006.582107419088
159,12063.389592456111
160,12091.653201388908
161,12181.015498515742
162,12206.721414528607
163,12238.815558539134
164,12293.99077036593
165,12324.502023371613
166,12292.342226739898
167,12204.998617677586
168,12041.798111172058
169,11914.724993485717
170,11848.41668446924
171,11712.541437637576
172,11635.137475684398
173,11616.814790268163
174,11596.29188747306
175,11615.01496335332
176,11694.89806852808
177,11746.323888761974
178,11729.95524204425
179,11715.376474547931
180,11685.23050821202
181,11679.894661573548
182,11702.296211596617
183,11723.566054342766
184,11786.444148771432
185,11839.072245265736
186,11841.523478761075
187,11815.821351075443
188,11785.356961696289
189,11758.044026567892
190,11771.144286245717
191,11770.275176345753
192,11830.972577336694
193,11910.868028147463
194,12002.990362629002
195,12043.600879829857
196,12070.352214085102
197,12061.664813748484
198,12128.49270365489
199,12221.057941578314
200,12315.092479530551
201,12389.201639491474
202,12451.44277436859
203,12551.195216540777
204,12642.03266522711
205,12705.216871507659
206,12751.362425373562
207,12753.702121263846
208,12816.863097355897
209,12857.935415067577
210,12924.038241066286
211,12997.252679974317
212,13047.029950717253
213,13054.478926052383
214,13066.795057872034
215,13034.44395996366
216,12956.205186038625
217,12889.722863918143
218,12850.557320728658
219,12855.309750482713
220,12777.001455681962
221,12697.92318248135
222,12614.754892044484
223,12534.452360959778
224,12464.22694279956
225,12387.293381211734
226,12319.548333003513
227,12311.66846192406
228,12324.944612677235
229,12376.364796020742
230,12439.044699167185
231,12381.94612265064
232,12352.401820591644
233,12302.878316543378
234,12250.230271412976
235,12214.750758921266
236,12161.063873791685
237,12084.968233594756
238,11985.308477797269
239,11879.49837505387
240,11773.380369402883
241,11693.798966233893
242,11688.561452004722
243,11639.760441635399
244,11572.676588605951
245,11568.018174749008
246,11630.893419593329
247,11683.084355920502
248,11711.242109460914
249,11665.359967812159
250,11603.797844564626
251,11532.636407180282
252,11468.010078774907
253,11448.24279935233
254,11376.528350006587
255,11373.813769008164
256,11390.941250736723
257,11384.607967241911
258,11368.271348200702
259,11399.862601166986
260,11445.218727194962
261,11530.586157945125
262,11596.96618292253
263,11631.341957722227
264,11714.178809831068
265,11772.346284833366
266,11814.407838744339
267,11783.195787762405
268,11735.485620049913
269,11703.918521739692
270,11690.332772918518
271,11703.078984973921
272,11675.854669564706
273,11788.974478957167
274,11913.431286278272
275,11997.194836236955
276,12098.16986129406
277,12146.087916158962
278,12176.661148139337
279,12204.495627577828
280,12213.819563533267
281,12244.24640931499
282,12281.301104590946
283,12304.214946362184
284,12294.168086356834
285,12275.776293712333
286,12336.001188457742
287,12398.224597613078
288,12443.129814376534
289,12440.004995183
290,12400.775370527936
291,12368.961431628335
292,12367.836106346846
293,12339.986895298354
294,12343.761776622316
295,12365.89185133965
296,12382.136457017466
297,12332.752055481133
298,12273.351170224134
299,12200.540150286588
300,12139.343444828603
301,12118.519457817525
302,12058.756812444823
303,12010.004356412614
304,11952.818404749896
305,11877.385128767932
306,11862.836065691781
307,11846.235327356746
308,11822.641987628085
309,11828.569572395543
310,11799.180010469485
311,11825.68250852998
312,11848.979690761298
313,11885.557990041467
314,11939.86387599797
315,11986.132147782293
316,12037.266785424012
317,12086.01391876724
318,12097.567631684424
319,12076.419142798484
320,12105.990171822732
321,12169.441932842572
322,12213.139131676988
323,12243.631385086963
324,12303.03264878603
325,12353.703428918165
326,12357.968009935365
327,12392.467807858528
328,12465.119771977483
329,12572.44532607481
330,12621.16646606743
331,12640.06617042503
332,12696.163208899432
333,12704.09774801485
334,12694.206018018373
335,12678.481371365993
336,12697.213939923136
337,12724.107864015345
338,12763.253809363516
339,12755.37321501202
340,12738.842398077368
341,12677.73897858538
342,12632.075285364663
343,12614.575908911349
344,12565.110964904092
