,Profitloss
0,0.0018208615884418577
1,0.1480249735896777
2,0.4197743476815008
3,0.6654181849341745
4,0.9357104816347217
5,1.2653629216567541
6,0.3141428499580101
7,0.6512544236686457
8,0.9021858262348914
9,1.2086555602556448
10,1.530534441983411
11,0.10211124621781753
12,0.3390340240357004
13,0.6042382503377519
14,0.9816900410041907
15,1.40836315791395
16,0.4916405661228751
17,1.095401242783045
18,1.6767780792149134
19,2.165551677022548
20,2.4080505162391352
21,0.0045438506790507205
22,0.10566655880475118
23,0.2876785097849943
24,0.4463474253560529
25,0.7189435772768205
26,0.17355499969589072
27,0.350997527001895
28,0.4637204886726698
29,0.4007497242397795
30,0.297761805171759
31,-0.015560018450733182
32,-0.44975859787389494
33,-0.5044403747307746
34,-0.9590660524347427
35,-1.6002256517020363
36,-0.2959016285786653
37,-0.7338831384281375
38,-1.0283190757118144
39,-0.8289756491605349
40,-0.6085346937642733
41,-0.037781552903304316
42,0.08522593585842397
43,0.016901464928364973
44,-0.2493411748233254
45,-0.0981531232474353
46,-0.1259865263570581
47,-0.3051319017086884
48,-0.6469717231701311
49,-0.5302930726771682
50,-0.29213586136308534
51,0.3023394721779038
52,0.7868960297474858
53,1.1279217868925162
54,1.4690459938481837
55,1.665524826659115
56,0.05874357631596716
57,0.12746843697974963
58,0.03922650122656357
59,-0.44019909021574266
60,-0.7904186808753821
61,-0.4700165525595379
62,-0.8546623705483314
63,-0.9308497516520076
64,-1.0075592540026101
65,-1.4816317506880838
66,-0.3548535540540576
67,-0.9137570650344373
68,-1.4918411779317298
69,-2.175492748732688
70,-3.096572632896022
71,-0.6319222640518096
72,-1.5250371945526697
73,-2.372513505302043
74,-3.2775551608548947
75,-3.573796004266472
76,0.299666688652378
77,0.6614417625109947
78,1.0308800379154048
79,0.7831637587917273
80,0.6710716262825711
81,-0.1696592711736722
82,-0.1766946568943384
83,0.1935794791861234
84,0.14789275453204187
85,-0.31584347799179513
86,-0.4680130834488927
87,-0.4543724058731713
88,-0.4813104753269126
89,-0.957715083283639
90,-1.5360265170896614
91,-0.5750054836294094
92,-1.4194249511842227
93,-1.5852191352153322
94,-1.3967564861810389
95,-1.1635983744074596
96,-0.04060417487754542
97,0.2597276461083986
98,0.3298245474851136
99,0.24479196494986422
100,-0.43015992886695775
101,-0.6394389603737061
102,-0.6525025765040993
103,-0.8078693414512395
104,-1.2220022505620265
105,-1.8057587303389022
106,-0.09821774074558753
107,0.4243315800682046
108,1.0863507566363895
109,1.9494387218324194
110,2.4995357440459554
111,0.7461731415171258
112,1.1342899665266915
113,1.7830889791151883
114,2.263300983409855
115,2.8933897471965064
116,0.8574735408813705
117,1.4018443284046889
118,1.6183424611883046
119,1.8170603391492346
120,2.2249949145456416
121,0.0006015713818197099
122,-0.2322330861896038
123,-0.31978922581177294
124,-0.5478463890337015
125,-1.0026074085080272
126,-0.41970684293092253
127,-0.4111745491192642
128,-0.699173650614382
129,-0.9903733598654707
130,-0.8722663764163752
131,-0.020323180895631676
132,-0.40966752221108793
133,-1.1947611218102616
134,-1.6248449106040508
135,-2.5079864421510556
136,-0.7179321922493265
137,-0.9102718393871445
138,-1.6426318560739839
139,-2.0298988762400327
140,-2.3924416185393094
141,0.24146516246470462
142,-0.3614165706628536
143,-1.2424726134500963
144,-2.641836539649489
145,-3.633117948430087
146,-1.2519122832902907
147,-2.1769485755246842
148,-2.2729372432397255
149,-2.555965784871572
150,-2.4820934506018966
151,-0.7835394710982491
152,-1.2349204871113018
153,-1.6316710846370652
154,-1.7637718143524994
155,-2.141805704299793
156,-0.04808462902254895
157,0.4059783478914225
158,1.3030995035315351
159,1.832341800562154
160,2.084128069110225
161,0.7213023551635223
162,0.9784861029166869
163,1.2234557394025236
164,1.6353455319299215
165,1.804247164445827
166,-0.2885287087911248
167,-1.0140728682979994
168,-2.310902427395878
169,-3.343134751000987
170,-3.9327595392032677
171,-1.1738624738066639
172,-1.8888984224121774
173,-2.155518552227509
174,-2.3712453748734763
175,-2.2082982126392703
176,0.6769987719278836
177,1.1260024019264403
178,1.0128879089556397
179,0.9156845942970726
180,0.6987799200925959
181,0.024110097731866453
182,0.2697408340657237
183,0.495357306201738
184,1.0158180846501885
185,1.4597464518690595
186,0.032502379216414745
187,-0.17820639329222399
188,-0.3797273075879293
189,-0.5824100783221597
190,-0.4160960927549806
191,0.038697142332178025
192,0.5905364908829203
193,1.2772319216165284
194,2.053964876115777
195,2.4372036696509447
196,0.2867069771858022
197,0.2798961222360452
198,0.8485028197748212
199,1.5984186141049461
200,2.3596716121998984
201,0.5925981038592987
202,1.0635031639337988
203,1.7798238007752376
204,2.400399997819669
205,2.914503125431178
206,0.4076552675862377
207,0.5359953246178772
208,1.0917186033991833
209,1.4474137613896376
210,1.9857020567013217
211,0.5959020931134873
212,1.0041875381982646
213,1.083332679655391
214,1.1468054411637008
215,0.9400852413079974
216,-0.5689246310698226
217,-1.0609663207931441
218,-1.366744741904835
219,-1.3491630111672537
220,-1.9481430679911593
221,-0.5918169674364537
222,-1.223643841528077
223,-1.8149280629593645
224,-2.31749618444661
225,-2.937687820154622
226,-0.553282155070578
227,-0.6214995655364874
228,-0.5458280095398504
229,-0.17361026403084345
230,0.2764217438122163
231,-0.4887862539447285
232,-0.7734682471439269
233,-1.2093984063707874
234,-1.6343958482721632
235,-1.871312115233137
236,-0.3595319706081068
237,-0.9133470495913287
238,-1.643433874860789
239,-2.46161313224903
240,-3.303342778331819
241,-0.6353188303734547
242,-0.6187896240037793
243,-0.9760911540973027
244,-1.4891323700423231
245,-1.5019489578002365
246,0.5133246812747627
247,0.923489618789386
248,1.150826033253427
249,0.7411899973607472
250,0.23709184265856553
251,-0.5835804049783122
252,-1.1157765186609714
253,-1.2354699551606174
254,-1.7718605938660703
255,-1.7203272441778772
256,0.20461125041297823
257,0.22866074209404452
258,0.14364844597316573
259,0.4638093745741534
260,0.8755332292021079
261,0.7092654181068969
262,1.295607509336194
263,1.7311111541332025
264,2.526643216736568
265,3.088864596481078
266,0.38745762082981194
267,0.15120671341282144
268,-0.20433308392954208
269,-0.41888006177640547
270,-0.47518848714944717
271,0.17529564700986544
272,0.024155997505559412
273,0.9727270339921157
274,1.9403284868444892
275,2.6266881117727348
276,0.8079832277174681
277,1.240238927769921
278,1.5078575726628518
279,1.7572237201340934
280,1.8321125651791448
281,0.2230671005600371
282,0.4972883871561251
283,0.671234268445775
284,0.594066994243625
285,0.4758386304937412
286,0.5186754924736192
287,1.0817085268238325
288,1.5020237721181662
289,1.5108250184983074
290,1.1768552799108711
291,-0.2858913141192132
292,-0.3201635071324538
293,-0.5448444770123073
294,-0.5399734893451913
295,-0.3828045100240707
296,0.09908499065409693
297,-0.3266067529479777
298,-0.8224834111124291
299,-1.4198622522796245
300,-1.925359612568378
301,-0.18036988120518904
302,-0.6602663568423428
303,-1.0434138571682627
304,-1.506959401839214
305,-2.060206367835793
306,-0.11641461349033433
307,-0.24125337171462258
308,-0.42536868306167763
309,-0.4245855905697371
310,-0.6102690491202267
311,0.2225859509973116
312,0.374984096299813
313,0.6543723649025335
314,1.0660085758436022
315,1.358220600510407
316,0.3513389779445486
317,0.6867473809700542
318,0.7142000652347491
319,0.5000473620611068
320,0.7015027894159198
321,0.48976923152810325
322,0.8802590758304252
323,1.1519933852571995
324,1.6379477549184562
325,2.135138488598587
326,0.09337346545903458
327,0.4151540442638435
328,1.0999495241905244
329,1.9650787696785077
330,2.3267997143610053
331,0.14152683501469365
332,0.5957632198607232
333,0.6928394426592321
334,0.7120874573763869
335,0.6642596785324306
336,0.22195037048473587
337,0.5362118808485139
338,0.9160283238516698
339,0.903403297999783
340,0.8343580759507585
341,-0.4329462242052662
342,-0.7776080717749045
343,-0.9384468064217
344,-1.3507556448216218
