,Jc
0,-0.148350790143013
1,-0.0744202584028244
2,-0.00568093778565526
3,0.06265389919281006
4,0.13449585437774658
5,0.2087768018245697
6,0.2837790250778198
7,0.35749727487564087
8,0.4320874810218811
9,0.507382333278656
10,0.5840485692024231
11,0.6675229072570801
12,0.762919545173645
13,0.8502985835075378
14,0.948694109916687
15,1.0571224689483643
16,1.1566756963729858
17,1.279292106628418
18,1.3890680074691772
19,1.4971072673797607
20,1.625417947769165
21,1.7557823657989502
22,1.8909446001052856
23,2.032592535018921
24,2.1692304611206055
25,2.3247933387756348
26,2.4429640769958496
27,2.5808846950531006
28,2.7747068405151367
29,2.928360939025879
30,3.0773978233337402
31,3.204432964324951
32,3.3699564933776855
33,3.5403354167938232
34,3.699657678604126
35,3.8620212078094482
36,3.9437596797943115
37,4.142936706542969
38,4.3003692626953125
39,4.468113422393799
40,4.600058555603027
41,4.7032012939453125
42,4.817787170410156
43,4.860210418701172
44,5.038394451141357
45,5.064629554748535
46,5.149599075317383
47,5.170899391174316
48,5.223268508911133
49,5.19886589050293
50,5.297611236572266
51,5.24098014831543
52,5.253928184509277
53,5.208416938781738
54,5.217951774597168
55,5.125439643859863
56,5.118797302246094
57,5.040133476257324
58,5.039789199829102
59,5.024432182312012
60,4.99702262878418
61,4.904775619506836
62,4.856599807739258
63,4.845092296600342
64,4.8447747230529785
65,4.729388236999512
66,4.71558141708374
67,4.701952934265137
68,4.6495819091796875
69,4.6206374168396
70,4.565228462219238
71,4.537653923034668
72,4.488239765167236
73,4.499791145324707
74,4.430867671966553
75,4.366974830627441
76,4.363126754760742
77,4.351357936859131
78,4.303522109985352
79,4.26334810256958
80,4.198696136474609
81,4.188418388366699
82,4.208223819732666
83,4.1406168937683105
84,4.170888423919678
85,4.146022319793701
86,4.090740203857422
87,4.043623447418213
88,4.016549110412598
89,4.039769172668457
90,4.012937545776367
91,3.9799094200134277
92,3.9804611206054688
93,3.9745826721191406
94,3.9382636547088623
95,3.930079460144043
96,3.902219295501709
97,3.872683525085449
98,3.8829164505004883
99,3.854191541671753
100,3.764124631881714
101,3.796414375305176
102,3.8224847316741943
103,3.8129830360412598
104,3.773864269256592
105,3.758845329284668
106,3.7256696224212646
107,3.7354555130004883
108,3.7055299282073975
109,3.6990714073181152
110,3.682173728942871
111,3.6507067680358887
112,3.6612038612365723
113,3.644084930419922
114,3.6265082359313965
115,3.6368722915649414
116,3.594615936279297
117,3.5785932540893555
118,3.5616037845611572
119,3.530458927154541
120,3.545445442199707
121,3.4983530044555664
122,3.4922847747802734
123,3.4841442108154297
124,3.4669156074523926
125,3.446439743041992
126,3.4547791481018066
127,3.4297068119049072
128,3.4312260150909424
129,3.404231309890747
130,3.3666186332702637
131,3.3812198638916016
132,3.3747735023498535
133,3.351287364959717
134,3.348659038543701
135,3.341822385787964
136,3.298585891723633
137,3.3113527297973633
138,3.2882089614868164
139,3.2625203132629395
140,3.266688823699951
141,3.2572145462036133
142,3.252452850341797
143,3.249729633331299
144,3.2131452560424805
145,3.2207236289978027
146,3.2083353996276855
147,3.1929121017456055
148,3.182033061981201
149,3.1721529960632324
150,3.172703981399536
151,3.1557064056396484
152,3.142702102661133
153,3.1471896171569824
154,3.1307928562164307
155,3.116621971130371
156,3.1347992420196533
157,3.125312566757202
158,3.101475715637207
159,3.108369827270508
160,3.093471050262451
161,3.0800938606262207
162,3.0714619159698486
163,3.07340407371521
164,3.0710628032684326
165,3.0662715435028076
166,3.0429835319519043
167,3.0412421226501465
168,3.04170560836792
169,3.0162270069122314
170,3.0159947872161865
171,3.013472557067871
172,3.0039281845092773
173,2.991631031036377
174,2.9876980781555176
175,2.982262372970581
176,2.9550654888153076
177,2.956596851348877
178,2.9703357219696045
179,2.949962615966797
180,2.9441521167755127
181,2.923177719116211
182,2.9288816452026367
183,2.9177207946777344
184,2.920917272567749
185,2.9084906578063965
186,2.9103615283966064
187,2.8975720405578613
188,2.8735785484313965
189,2.8899078369140625
190,2.8843538761138916
191,2.8726701736450195
192,2.860210418701172
193,2.8638036251068115
194,2.8716206550598145
195,2.8380777835845947
196,2.859370231628418
197,2.8395793437957764
198,2.8327577114105225
199,2.826925277709961
200,2.810913562774658
201,2.812312602996826
202,2.8152387142181396
203,2.7968955039978027
204,2.821131467819214
205,2.804471015930176
206,2.7930331230163574
207,2.77382755279541
208,2.7933409214019775
209,2.7654521465301514
210,2.7578768730163574
211,2.7660717964172363
212,2.7571980953216553
213,2.7421512603759766
214,2.7585608959198
215,2.7388148307800293
216,2.7298591136932373
217,2.722334861755371
218,2.706326484680176
219,2.7030441761016846
220,2.7084479331970215
221,2.6945414543151855
222,2.687756061553955
223,2.70986270904541
224,2.6846725940704346
225,2.673818588256836
226,2.6751151084899902
227,2.6847901344299316
228,2.6685402393341064
229,2.6534862518310547
230,2.646618604660034
231,2.664574146270752
232,2.6372220516204834
233,2.643470525741577
234,2.640942096710205
235,2.6279892921447754
236,2.6346592903137207
237,2.6432371139526367
238,2.616525888442993
239,2.6387484073638916
240,2.617227077484131
241,2.6003026962280273
242,2.5934290885925293
243,2.602797508239746
244,2.593111276626587
245,2.6030516624450684
246,2.5904366970062256
247,2.5713796615600586
248,2.58487868309021
249,2.5679454803466797
250,2.5804648399353027
251,2.5687255859375
252,2.5709095001220703
253,2.57157039642334
254,2.5700907707214355
255,2.558842182159424
256,2.5519638061523438
257,2.5488014221191406
258,2.54933762550354
259,2.5446176528930664
260,2.533051013946533
261,2.540436029434204
262,2.5275707244873047
263,2.5273818969726562
264,2.525066375732422
265,2.5037026405334473
266,2.512030601501465
267,2.507460355758667
268,2.5074288845062256
269,2.4981789588928223
270,2.4928014278411865
271,2.4849917888641357
272,2.496217966079712
273,2.468047618865967
274,2.4652767181396484
275,2.4826927185058594
276,2.483612298965454
277,2.468184471130371
278,2.4705984592437744
279,2.481505870819092
280,2.4668080806732178
281,2.458624839782715
282,2.4505467414855957
283,2.4531402587890625
284,2.4452927112579346
285,2.455906391143799
286,2.441626787185669
287,2.4428584575653076
288,2.4432177543640137
289,2.4177513122558594
290,2.425027370452881
291,2.4205174446105957
292,2.42539644241333
293,2.4310364723205566
294,2.4140615463256836
295,2.419638156890869
296,2.4054102897644043
297,2.41422176361084
298,2.405839681625366
299,2.4138784408569336
300,2.4080724716186523
301,2.4071271419525146
302,2.41086483001709
303,2.4170761108398438
304,2.4132816791534424
305,2.4094676971435547
306,2.411513328552246
307,2.406219005584717
308,2.38523530960083
309,2.3957595825195312
310,2.400097370147705
311,2.3863444328308105
312,2.38806414604187
313,2.383401393890381
314,2.36983060836792
315,2.372462272644043
316,2.3809893131256104
317,2.369600296020508
318,2.376953601837158
319,2.3612570762634277
320,2.366562843322754
321,2.362004280090332
322,2.3716092109680176
323,2.3757801055908203
324,2.3704934120178223
325,2.359011650085449
326,2.3578226566314697
327,2.3517227172851562
328,2.350541591644287
329,2.3583765029907227
330,2.352099657058716
331,2.351935386657715
332,2.356079578399658
333,2.3513948917388916
334,2.3477654457092285
335,2.3449506759643555
336,2.32692813873291
337,2.324492931365967
338,2.3350346088409424
339,2.3316664695739746
340,2.3158016204833984
341,2.3200902938842773
342,2.323803186416626
343,2.321840763092041
344,2.3240323066711426
345,2.309687852859497
346,2.3063764572143555
347,2.306400775909424
348,2.3002753257751465
349,2.2872772216796875
350,2.297678232192993
351,2.2898504734039307
352,2.2837069034576416
353,2.286942958831787
354,2.2860348224639893
355,2.2929558753967285
356,2.2852530479431152
357,2.278395652770996
358,2.2676801681518555
359,2.2792844772338867
360,2.281351089477539
361,2.281480312347412
362,2.293435573577881
363,2.2582993507385254
364,2.281035900115967
365,2.280674934387207
366,2.27667236328125
367,2.272672653198242
368,2.269824504852295
369,2.2647082805633545
370,2.251312017440796
371,2.2625153064727783
372,2.2609353065490723
373,2.2561194896698
374,2.2481391429901123
375,2.254347562789917
376,2.239842414855957
377,2.242685317993164
378,2.2394614219665527
379,2.235853910446167
380,2.2516355514526367
381,2.2478270530700684
382,2.232731819152832
383,2.229799747467041
384,2.226027488708496
385,2.225173234939575
386,2.228450298309326
387,2.2328410148620605
388,2.2291507720947266
389,2.22578501701355
390,2.2244300842285156
391,2.2185230255126953
392,2.2138867378234863
393,2.2084617614746094
394,2.222930431365967
395,2.2227659225463867
396,2.2206382751464844
397,2.2120513916015625
398,2.209834098815918
399,2.2312071323394775
400,2.224024772644043
401,2.21779727935791
402,2.2189319133758545
403,2.214059829711914
404,2.209035634994507
405,2.2162418365478516
406,2.207803726196289
407,2.2088534832000732
408,2.2078096866607666
409,2.215979814529419
410,2.1863722801208496
411,2.2125377655029297
412,2.208608388900757
413,2.2036638259887695
414,2.194429397583008
415,2.1946310997009277
416,2.19689679145813
417,2.199528932571411
418,2.2066283226013184
419,2.2066524028778076
420,2.192610263824463
421,2.1859045028686523
422,2.190200090408325
423,2.1913256645202637
424,2.192833662033081
425,2.2000811100006104
426,2.200589656829834
427,2.189957618713379
428,2.193453311920166
429,2.187493324279785
430,2.1935832500457764
431,2.1886672973632812
432,2.1913132667541504
433,2.1948719024658203
434,2.209188461303711
435,2.195281982421875
436,2.177673816680908
437,2.1922106742858887
438,2.1839308738708496
439,2.1863484382629395
440,2.1798601150512695
441,2.16916561126709
442,2.1755483150482178
443,2.1743507385253906
444,2.1686277389526367
445,2.1702075004577637
446,2.1771867275238037
447,2.17014741897583
448,2.17305326461792
449,2.1694960594177246
450,2.1684083938598633
451,2.1818108558654785
452,2.152167797088623
453,2.167496919631958
454,2.1683502197265625
455,2.151691436767578
456,2.1704492568969727
457,2.1648764610290527
458,2.1708216667175293
459,2.169848680496216
460,2.1678342819213867
461,2.166883945465088
462,2.1654884815216064
463,2.1605031490325928
464,2.1655969619750977
465,2.162081241607666
466,2.162316083908081
467,2.175332546234131
468,2.1687870025634766
469,2.166599750518799
470,2.1567981243133545
471,2.1607799530029297
472,2.172292470932007
473,2.1464409828186035
474,2.146226406097412
475,2.1482300758361816
476,2.154470682144165
477,2.1525979042053223
478,2.1496658325195312
479,2.1529440879821777
480,2.1383605003356934
481,2.151196241378784
482,2.152623414993286
483,2.1445465087890625
484,2.1553101539611816
485,2.149535655975342
486,2.133087158203125
487,2.148273229598999
488,2.1426496505737305
489,2.146923303604126
490,2.1614348888397217
491,2.1638667583465576
492,2.1531882286071777
493,2.1573235988616943
494,2.15616512298584
495,2.154745578765869
496,2.166609287261963
497,2.1436190605163574
498,2.1468143463134766
499,2.1476597785949707
500,2.1589269638061523
501,2.1411423683166504
502,2.1504688262939453
503,2.1597678661346436
504,2.146624803543091
505,2.1567652225494385
506,2.1480259895324707
507,2.1540307998657227
508,2.1451053619384766
509,2.146756887435913
510,2.130844831466675
511,2.1537961959838867
512,2.1479263305664062
513,2.161210060119629
514,2.160313129425049
515,2.1485705375671387
516,2.1378116607666016
517,2.1507670879364014
518,2.1494202613830566
519,2.1505489349365234
520,2.139920711517334
521,2.153140068054199
522,2.1485037803649902
523,2.1507439613342285
524,2.1441845893859863
525,2.1446471214294434
526,2.147317886352539
527,2.145087242126465
528,2.14512300491333
529,2.1510260105133057
530,2.144881248474121
531,2.1450212001800537
532,2.1365785598754883
533,2.14743971824646
534,2.1466336250305176
535,2.1364588737487793
536,2.1586833000183105
537,2.1359691619873047
538,2.1488261222839355
539,2.154625415802002
540,2.1440231800079346
541,2.13875412940979
542,2.142585039138794
543,2.1548104286193848
544,2.1438913345336914
545,2.1543526649475098
546,2.1631040573120117
547,2.15547513961792
548,2.1497128009796143
549,2.1448259353637695
550,2.1431565284729004
551,2.1361594200134277
552,2.135387897491455
553,2.129476547241211
554,2.1426596641540527
555,2.142347812652588
556,2.142286777496338
557,2.1440796852111816
558,2.1469407081604004
559,2.140552282333374
560,2.1535468101501465
561,2.147786855697632
562,2.148047924041748
563,2.1427550315856934
564,2.1523756980895996
565,2.1436610221862793
566,2.146925926208496
567,2.1390013694763184
568,2.1461124420166016
569,2.1413350105285645
570,2.1405820846557617
571,2.1461057662963867
572,2.13700270652771
573,2.1365387439727783
574,2.141782760620117
575,2.1420693397521973
576,2.1372570991516113
577,2.1394853591918945
578,2.145620346069336
579,2.132300853729248
580,2.129002094268799
581,2.147073745727539
582,2.13702392578125
583,2.1521449089050293
584,2.141763210296631
585,2.1318655014038086
586,2.1286258697509766
587,2.1480469703674316
588,2.141366720199585
589,2.1353065967559814
590,2.136268138885498
591,2.1384572982788086
592,2.145354747772217
593,2.1337618827819824
594,2.138692855834961
595,2.123629093170166
596,2.118802070617676
597,2.1326069831848145
598,2.129026174545288
599,2.129030704498291
600,2.1373918056488037
601,2.1297569274902344
602,2.130253314971924
603,2.1252784729003906
604,2.126375436782837
605,2.124936103820801
606,2.1255006790161133
607,2.123365879058838
608,2.11786150932312
609,2.1366231441497803
610,2.124629020690918
611,2.1260480880737305
612,2.132249355316162
613,2.143655300140381
614,2.1415469646453857
615,2.1397323608398438
616,2.138063669204712
617,2.142223358154297
618,2.1301217079162598
619,2.137587070465088
620,2.1321752071380615
621,2.128469467163086
622,2.132823944091797
623,2.131479024887085
624,2.133000373840332
625,2.132192850112915
626,2.123936653137207
627,2.1276650428771973
628,2.1253881454467773
629,2.135389804840088
630,2.131068229675293
631,2.1324658393859863
632,2.126307487487793
633,2.1205954551696777
634,2.1259446144104004
635,2.112272024154663
636,2.1243505477905273
637,2.1322383880615234
638,2.1227946281433105
639,2.135164260864258
640,2.135488271713257
641,2.1436164379119873
642,2.137941837310791
643,2.127697229385376
644,2.115835189819336
645,2.128464698791504
646,2.1358110904693604
647,2.1390252113342285
648,2.142003297805786
649,2.137938976287842
650,2.1273999214172363
651,2.1342124938964844
652,2.1415653228759766
653,2.1317739486694336
654,2.1293530464172363
655,2.130795955657959
656,2.1449265480041504
657,2.139291286468506
658,2.145848512649536
659,2.137446403503418
660,2.1311066150665283
661,2.136641502380371
662,2.1315345764160156
663,2.1378555297851562
664,2.135927677154541
665,2.1284122467041016
666,2.131892204284668
667,2.1221413612365723
668,2.132209300994873
669,2.141904354095459
670,2.133995294570923
671,2.1452314853668213
672,2.1412956714630127
673,2.1384830474853516
674,2.1363718509674072
675,2.1245107650756836
676,2.128472089767456
677,2.1316230297088623
678,2.139211654663086
679,2.13228178024292
680,2.1335701942443848
681,2.1429033279418945
682,2.128161907196045
683,2.1455435752868652
684,2.122079372406006
685,2.133167266845703
686,2.134798765182495
687,2.1313729286193848
688,2.1294922828674316
689,2.117687702178955
690,2.1298327445983887
691,2.1299095153808594
692,2.125782012939453
693,2.128767490386963
694,2.130547046661377
695,2.1285552978515625
696,2.134058713912964
697,2.1365861892700195
698,2.1204636096954346
699,2.1238057613372803
700,2.144443988800049
701,2.133676528930664
702,2.1398963928222656
703,2.144895553588867
704,2.1298015117645264
705,2.1410439014434814
706,2.139674663543701
707,2.140183448791504
708,2.1488094329833984
709,2.140197277069092
710,2.122159719467163
711,2.1310806274414062
712,2.1315460205078125
713,2.131044864654541
714,2.1370389461517334
715,2.1328206062316895
716,2.138096332550049
717,2.136831283569336
718,2.143822193145752
719,2.1375832557678223
720,2.1329922676086426
721,2.132338047027588
722,2.1385302543640137
723,2.119006633758545
724,2.1336212158203125
725,2.133047580718994
726,2.1406352519989014
727,2.126227855682373
728,2.1390175819396973
729,2.1340293884277344
730,2.1357710361480713
731,2.142052173614502
732,2.152268886566162
733,2.158006191253662
734,2.1487772464752197
735,2.146604061126709
736,2.1403141021728516
737,2.133913993835449
738,2.1383814811706543
739,2.142509937286377
740,2.140255928039551
741,2.1439545154571533
742,2.1591920852661133
743,2.138972282409668
744,2.150883197784424
745,2.1415276527404785
746,2.153120756149292
747,2.142172336578369
748,2.151486396789551
749,2.1552767753601074
750,2.153517961502075
751,2.153822898864746
752,2.1535181999206543
753,2.142547130584717
754,2.147541046142578
755,2.149484634399414
756,2.154090166091919
757,2.1430366039276123
758,2.1629538536071777
759,2.171823024749756
760,2.1581623554229736
761,2.1635873317718506
762,2.1605257987976074
763,2.157789707183838
764,2.151618242263794
765,2.148016929626465
766,2.165276050567627
767,2.1549456119537354
768,2.1592533588409424
769,2.1557698249816895
770,2.1679227352142334
771,2.158324718475342
772,2.16142201423645
773,2.1547460556030273
774,2.1586265563964844
775,2.1442711353302
776,2.1566412448883057
777,2.1563944816589355
778,2.1691861152648926
779,2.1646296977996826
780,2.159836769104004
781,2.16347599029541
782,2.162353992462158
783,2.1559884548187256
784,2.161862850189209
785,2.1540615558624268
786,2.158374071121216
787,2.1588644981384277
788,2.1633434295654297
789,2.151670455932617
790,2.1494646072387695
791,2.1608526706695557
792,2.1577539443969727
793,2.1560275554656982
794,2.162027359008789
795,2.1465797424316406
796,2.144949197769165
797,2.159627676010132
798,2.1683597564697266
799,2.1588165760040283
800,2.1730008125305176
801,2.169660806655884
802,2.1693334579467773
803,2.169389009475708
804,2.173117160797119
805,2.164682149887085
806,2.1650214195251465
807,2.160209894180298
808,2.169083595275879
809,2.1707534790039062
810,2.1727867126464844
811,2.166903495788574
812,2.168501615524292
813,2.174569606781006
814,2.1630096435546875
815,2.163952350616455
816,2.1598548889160156
817,2.168062686920166
818,2.178575038909912
819,2.159433364868164
820,2.175139904022217
821,2.1635336875915527
822,2.1703226566314697
823,2.1681675910949707
824,2.177700996398926
825,2.175670862197876
826,2.1763734817504883
827,2.1709401607513428
828,2.1715431213378906
829,2.162616729736328
830,2.154618263244629
831,2.162968635559082
832,2.1709330081939697
833,2.168012857437134
834,2.171705722808838
835,2.1564793586730957
836,2.163320302963257
837,2.1773171424865723
838,2.1760685443878174
839,2.1572556495666504
840,2.166236400604248
841,2.1710691452026367
842,2.1852850914001465
843,2.178234577178955
844,2.1740903854370117
845,2.172611713409424
846,2.1610612869262695
847,2.1873011589050293
848,2.1722140312194824
849,2.171177864074707
850,2.1755402088165283
851,2.1845932006835938
852,2.1798064708709717
853,2.1945090293884277
854,2.1799468994140625
855,2.1901721954345703
856,2.169163703918457
857,2.1832149028778076
858,2.176784038543701
859,2.1719799041748047
860,2.1876659393310547
861,2.194645881652832
862,2.203657627105713
863,2.177677631378174
864,2.1780316829681396
865,2.186400890350342
866,2.1881651878356934
867,2.1845202445983887
868,2.1939496994018555
869,2.1918551921844482
870,2.1851327419281006
871,2.169677972793579
872,2.1871886253356934
873,2.192525863647461
874,2.1753687858581543
875,2.1947827339172363
876,2.194003105163574
877,2.189836025238037
878,2.1953020095825195
879,2.1925220489501953
880,2.1873490810394287
881,2.1885159015655518
882,2.1901636123657227
883,2.185669422149658
884,2.198460578918457
885,2.1825761795043945
886,2.184912919998169
887,2.1924095153808594
888,2.1857125759124756
889,2.195249319076538
890,2.1947219371795654
891,2.1947383880615234
892,2.1950814723968506
893,2.195478916168213
894,2.2104344367980957
895,2.199193000793457
896,2.203902006149292
897,2.209564208984375
898,2.2127902507781982
899,2.2019972801208496
900,2.200972080230713
901,2.2032148838043213
902,2.1985068321228027
903,2.197939395904541
904,2.19683575630188
905,2.2043182849884033
906,2.1988823413848877
907,2.204883098602295
908,2.2022712230682373
909,2.193629264831543
910,2.1920220851898193
911,2.197256565093994
912,2.205599308013916
913,2.205064296722412
914,2.205700635910034
915,2.210383653640747
916,2.214759588241577
917,2.204704761505127
918,2.2142269611358643
919,2.2089478969573975
920,2.2193920612335205
921,2.206002712249756
922,2.2171292304992676
923,2.2101354598999023
924,2.208958625793457
925,2.2210068702697754
926,2.216315269470215
927,2.2058165073394775
928,2.207380771636963
929,2.214444398880005
930,2.224194049835205
931,2.238612651824951
932,2.219325304031372
933,2.2122304439544678
934,2.2075679302215576
935,2.2067372798919678
936,2.210007905960083
937,2.2131948471069336
938,2.2165842056274414
939,2.2127833366394043
940,2.219968318939209
941,2.226849317550659
942,2.2159526348114014
943,2.2479770183563232
944,2.237642288208008
945,2.235117197036743
946,2.2346339225769043
947,2.2268123626708984
948,2.224539279937744
949,2.2238354682922363
950,2.2211575508117676
951,2.2341227531433105
952,2.227292060852051
953,2.2110068798065186
954,2.222757339477539
955,2.2304234504699707
956,2.2319793701171875
957,2.2410621643066406
958,2.235644817352295
959,2.2420904636383057
960,2.2165863513946533
961,2.234569787979126
962,2.2300829887390137
963,2.2489840984344482
964,2.2383875846862793
965,2.2272002696990967
966,2.242361068725586
967,2.239603042602539
968,2.235403537750244
969,2.222343683242798
970,2.2267696857452393
971,2.2296791076660156
972,2.2355635166168213
973,2.2298803329467773
974,2.2339816093444824
975,2.2339911460876465
976,2.2331836223602295
977,2.2350268363952637
978,2.239060401916504
979,2.240079402923584
980,2.234537363052368
981,2.2309036254882812
982,2.2409231662750244
983,2.225576400756836
984,2.2211005687713623
985,2.229553699493408
986,2.2167532444000244
987,2.229116916656494
988,2.2341701984405518
989,2.2237510681152344
990,2.230465888977051
991,2.2342309951782227
992,2.2332210540771484
993,2.231926441192627
994,2.231173038482666
995,2.239546298980713
996,2.2407617568969727
997,2.2354164123535156
998,2.230863571166992
999,2.244447946548462
1000,2.239424705505371
1001,2.242861270904541
1002,2.2329304218292236
1003,2.240752696990967
1004,2.2418429851531982
1005,2.232917070388794
1006,2.2450196743011475
1007,2.2402195930480957
1008,2.239657163619995
1009,2.2384588718414307
1010,2.236896514892578
1011,2.230668544769287
1012,2.2433929443359375
1013,2.2391083240509033
1014,2.242701768875122
1015,2.2424168586730957
1016,2.239469051361084
1017,2.2334139347076416
1018,2.2509210109710693
1019,2.2426631450653076
1020,2.2494516372680664
1021,2.250746726989746
1022,2.2507998943328857
1023,2.2413384914398193
1024,2.2340996265411377
1025,2.23319149017334
1026,2.2341175079345703
1027,2.2388830184936523
1028,2.2389206886291504
1029,2.232537269592285
1030,2.236046314239502
1031,2.2354116439819336
1032,2.236262559890747
1033,2.2403953075408936
1034,2.234488010406494
1035,2.2396669387817383
1036,2.2394165992736816
1037,2.249913454055786
1038,2.2451586723327637
1039,2.237855911254883
1040,2.253870964050293
1041,2.2510175704956055
1042,2.2549002170562744
1043,2.2556190490722656
1044,2.2645645141601562
1045,2.256925106048584
1046,2.2729244232177734
1047,2.2650599479675293
1048,2.255234718322754
1049,2.2495131492614746
1050,2.241023063659668
1051,2.247673988342285
1052,2.2433061599731445
1053,2.258720874786377
1054,2.2580065727233887
1055,2.248171806335449
1056,2.271782398223877
1057,2.26680326461792
1058,2.262019157409668
1059,2.255411148071289
1060,2.262666702270508
1061,2.2528600692749023
1062,2.2501049041748047
1063,2.2734744548797607
1064,2.264759063720703
1065,2.2591803073883057
1066,2.2548530101776123
1067,2.251033306121826
1068,2.2325758934020996
1069,2.2611429691314697
1070,2.2515220642089844
1071,2.248568534851074
1072,2.2575466632843018
1073,2.2639055252075195
1074,2.248744010925293
1075,2.247468948364258
1076,2.2610702514648438
1077,2.2575831413269043
1078,2.257253646850586
1079,2.258450984954834
1080,2.260512351989746
1081,2.2660884857177734
1082,2.2628822326660156
1083,2.2725939750671387
1084,2.2748098373413086
1085,2.247609853744507
1086,2.254945993423462
1087,2.252413749694824
1088,2.2528321743011475
1089,2.244576930999756
1090,2.2524514198303223
1091,2.262085437774658
1092,2.2412328720092773
1093,2.2499358654022217
1094,2.2513561248779297
1095,2.2521309852600098
1096,2.254178047180176
1097,2.2557482719421387
1098,2.2499239444732666
1099,2.248943567276001
1100,2.262416362762451
1101,2.252516746520996
1102,2.2509310245513916
1103,2.265531063079834
1104,2.261873722076416
1105,2.2689623832702637
1106,2.262460231781006
1107,2.269186496734619
1108,2.2720627784729004
1109,2.267164945602417
1110,2.2642643451690674
1111,2.2696330547332764
1112,2.271960973739624
1113,2.2807111740112305
1114,2.2754807472229004
1115,2.2688262462615967
1116,2.275230646133423
1117,2.275573492050171
1118,2.280000686645508
1119,2.272257089614868
1120,2.2752511501312256
1121,2.282454490661621
1122,2.274094343185425
1123,2.2665457725524902
1124,2.290067672729492
1125,2.267516851425171
1126,2.2777044773101807
1127,2.2731504440307617
1128,2.2695138454437256
1129,2.2723546028137207
1130,2.2780590057373047
1131,2.286360263824463
1132,2.278106689453125
1133,2.270366668701172
1134,2.2821950912475586
1135,2.284735679626465
1136,2.297211170196533
1137,2.2787160873413086
1138,2.2937421798706055
1139,2.2729358673095703
1140,2.28037166595459
1141,2.2724621295928955
1142,2.2891807556152344
1143,2.2857470512390137
1144,2.294935703277588
1145,2.295388698577881
1146,2.294778823852539
1147,2.266655445098877
1148,2.280834197998047
1149,2.28281307220459
1150,2.277289867401123
1151,2.277686595916748
1152,2.2806851863861084
1153,2.278153657913208
1154,2.286835193634033
1155,2.2987942695617676
1156,2.296666145324707
1157,2.3005237579345703
1158,2.2896552085876465
1159,2.2911016941070557
1160,2.278965473175049
1161,2.2828617095947266
1162,2.285248279571533
1163,2.279834747314453
1164,2.291334629058838
1165,2.2896318435668945
1166,2.2799570560455322
1167,2.296720504760742
1168,2.2853541374206543
1169,2.2821459770202637
1170,2.2811312675476074
1171,2.289803981781006
1172,2.2950713634490967
1173,2.2987241744995117
1174,2.283592462539673
1175,2.2958269119262695
1176,2.2931084632873535
1177,2.2941622734069824
1178,2.2894375324249268
1179,2.2938179969787598
1180,2.291370391845703
1181,2.2997870445251465
1182,2.2841196060180664
1183,2.2926859855651855
1184,2.2927708625793457
1185,2.2988393306732178
1186,2.2982277870178223
1187,2.2993674278259277
1188,2.289114475250244
1189,2.2968101501464844
1190,2.2874016761779785
1191,2.3033714294433594
1192,2.2853736877441406
1193,2.2870495319366455
1194,2.305140495300293
1195,2.296321392059326
1196,2.2903058528900146
1197,2.2898945808410645
1198,2.282017946243286
1199,2.3006675243377686
1200,2.2988083362579346
1201,2.308356523513794
1202,2.2945384979248047
1203,2.3060414791107178
1204,2.2945706844329834
1205,2.296583414077759
1206,2.312309741973877
1207,2.3132433891296387
1208,2.295816659927368
1209,2.299107313156128
1210,2.2953343391418457
1211,2.295790195465088
1212,2.3064050674438477
1213,2.3015875816345215
1214,2.3148064613342285
1215,2.2999138832092285
1216,2.3017611503601074
1217,2.302988290786743
1218,2.3189239501953125
1219,2.308262825012207
1220,2.3026530742645264
1221,2.313422679901123
1222,2.304535388946533
1223,2.3204901218414307
1224,2.296574115753174
1225,2.3030524253845215
1226,2.303370952606201
1227,2.310229539871216
1228,2.3008835315704346
1229,2.2991747856140137
1230,2.2997002601623535
1231,2.2929792404174805
1232,2.300804376602173
1233,2.2963719367980957
1234,2.2982959747314453
1235,2.3055195808410645
1236,2.316086769104004
1237,2.3093056678771973
1238,2.3043344020843506
1239,2.3010458946228027
1240,2.317509412765503
1241,2.310422658920288
1242,2.31042742729187
1243,2.3058204650878906
1244,2.3100576400756836
1245,2.316007614135742
1246,2.3103742599487305
1247,2.3222262859344482
1248,2.3248672485351562
1249,2.3231539726257324
1250,2.297667980194092
1251,2.319093704223633
1252,2.3094515800476074
1253,2.316303253173828
1254,2.2981176376342773
1255,2.3069920539855957
1256,2.3026866912841797
1257,2.300981283187866
1258,2.3041818141937256
1259,2.309295892715454
1260,2.298856496810913
1261,2.320469379425049
1262,2.3000617027282715
1263,2.311011791229248
1264,2.310457706451416
1265,2.316061496734619
1266,2.315051317214966
1267,2.3196377754211426
1268,2.310882568359375
1269,2.310190439224243
1270,2.304391384124756
1271,2.314744234085083
1272,2.3032925128936768
1273,2.3122599124908447
1274,2.3184616565704346
1275,2.304288387298584
1276,2.313852071762085
1277,2.321568727493286
1278,2.3129448890686035
1279,2.301701545715332
1280,2.3102869987487793
1281,2.3087944984436035
1282,2.315192222595215
1283,2.310243606567383
1284,2.311997413635254
1285,2.313823699951172
1286,2.3195855617523193
1287,2.309515953063965
1288,2.315556049346924
1289,2.3094608783721924
1290,2.327465534210205
1291,2.3177742958068848
1292,2.3211236000061035
1293,2.310640335083008
1294,2.3166275024414062
1295,2.324910879135132
1296,2.3135647773742676
1297,2.3184053897857666
1298,2.3119335174560547
1299,2.3186631202697754
1300,2.317305326461792
1301,2.331254482269287
1302,2.323129892349243
1303,2.310525417327881
1304,2.327261447906494
1305,2.319704055786133
1306,2.3171799182891846
1307,2.3146727085113525
1308,2.308224678039551
1309,2.3224339485168457
1310,2.317049503326416
1311,2.322265625
1312,2.322387218475342
1313,2.3302536010742188
1314,2.330446243286133
1315,2.3082523345947266
1316,2.305790662765503
1317,2.3064894676208496
1318,2.3234519958496094
1319,2.305210590362549
1320,2.2997875213623047
1321,2.3152706623077393
1322,2.3146049976348877
1323,2.3208866119384766
1324,2.3040199279785156
1325,2.3030152320861816
1326,2.306925058364868
1327,2.3136892318725586
1328,2.3168094158172607
1329,2.316498279571533
1330,2.328094482421875
1331,2.319119930267334
1332,2.328934669494629
1333,2.322514772415161
1334,2.3144731521606445
1335,2.323592185974121
1336,2.3244643211364746
1337,2.3086836338043213
1338,2.3152525424957275
1339,2.3177361488342285
1340,2.31927490234375
1341,2.3097281455993652
1342,2.311145782470703
1343,2.313828468322754
1344,2.321251392364502
1345,2.3090310096740723
1346,2.329057216644287
1347,2.322373867034912
1348,2.3268139362335205
1349,2.314418315887451
1350,2.316361904144287
1351,2.3221349716186523
1352,2.3213231563568115
1353,2.32261323928833
1354,2.308440685272217
1355,2.3099770545959473
1356,2.3158037662506104
1357,2.3177976608276367
1358,2.3271727561950684
1359,2.3170113563537598
1360,2.312131881713867
1361,2.316023349761963
1362,2.331696033477783
1363,2.318371295928955
1364,2.3282418251037598
1365,2.3205151557922363
1366,2.324148654937744
1367,2.3194386959075928
1368,2.322577476501465
1369,2.3257346153259277
1370,2.3232977390289307
1371,2.324641466140747
1372,2.3215830326080322
1373,2.3340210914611816
1374,2.3237497806549072
1375,2.3404648303985596
1376,2.3232359886169434
1377,2.351743459701538
1378,2.3409080505371094
1379,2.3261425495147705
1380,2.33203125
1381,2.3330609798431396
1382,2.343747615814209
1383,2.33453369140625
1384,2.3490729331970215
1385,2.346452236175537
1386,2.3293685913085938
1387,2.3343443870544434
1388,2.338090181350708
1389,2.339219093322754
1390,2.3315188884735107
1391,2.3390111923217773
1392,2.331711769104004
1393,2.335232734680176
1394,2.3251748085021973
1395,2.3468117713928223
1396,2.341017484664917
1397,2.34470272064209
1398,2.3508596420288086
1399,2.3498382568359375
1400,2.3579955101013184
1401,2.3488402366638184
1402,2.3406803607940674
1403,2.3499159812927246
1404,2.354529857635498
1405,2.352344036102295
1406,2.364201545715332
1407,2.355978488922119
1408,2.3636865615844727
1409,2.3772268295288086
1410,2.3636531829833984
1411,2.3599181175231934
1412,2.353046417236328
1413,2.353973865509033
1414,2.3648183345794678
1415,2.3653664588928223
1416,2.3571815490722656
1417,2.359077215194702
1418,2.3564934730529785
1419,2.3459486961364746
1420,2.3505094051361084
1421,2.36194109916687
1422,2.3494770526885986
1423,2.3555665016174316
1424,2.3695764541625977
1425,2.3549039363861084
1426,2.3548760414123535
1427,2.363410234451294
1428,2.364607334136963
1429,2.355792999267578
1430,2.3696744441986084
1431,2.3531980514526367
1432,2.357085704803467
1433,2.3515689373016357
1434,2.3630146980285645
1435,2.370520830154419
1436,2.365561008453369
1437,2.37534499168396
1438,2.372549057006836
1439,2.371472120285034
1440,2.3728466033935547
1441,2.381028413772583
1442,2.3927979469299316
1443,2.380157470703125
1444,2.3759655952453613
1445,2.381783962249756
1446,2.3890156745910645
1447,2.3870649337768555
1448,2.3681833744049072
1449,2.380709171295166
1450,2.3718817234039307
1451,2.3741254806518555
1452,2.37817120552063
1453,2.385769844055176
1454,2.391793966293335
1455,2.3825182914733887
1456,2.373249053955078
1457,2.3745343685150146
1458,2.388983726501465
1459,2.3846211433410645
1460,2.3930110931396484
1461,2.3908133506774902
1462,2.388867139816284
1463,2.395193099975586
1464,2.3925373554229736
1465,2.3948843479156494
1466,2.396698236465454
1467,2.384366512298584
1468,2.382449150085449
1469,2.4022560119628906
1470,2.395982265472412
1471,2.4068093299865723
1472,2.3959741592407227
1473,2.40242075920105
1474,2.4012436866760254
1475,2.4028208255767822
1476,2.4094064235687256
1477,2.393381357192993
1478,2.414416551589966
1479,2.415477752685547
1480,2.419281482696533
1481,2.414785861968994
1482,2.411795139312744
1483,2.4172539710998535
1484,2.4094181060791016
1485,2.410918712615967
1486,2.409395456314087
1487,2.4116933345794678
1488,2.4027791023254395
1489,2.399993658065796
1490,2.4188485145568848
1491,2.4085848331451416
1492,2.4115757942199707
1493,2.406683921813965
1494,2.4281721115112305
1495,2.414618968963623
1496,2.411144256591797
1497,2.4213383197784424
1498,2.4163906574249268
1499,2.4238009452819824
1500,2.4242451190948486
1501,2.418008804321289
1502,2.4244580268859863
1503,2.4227328300476074
1504,2.4393105506896973
1505,2.422605037689209
1506,2.417019844055176
1507,2.4230260848999023
1508,2.4335150718688965
1509,2.42032527923584
1510,2.4270315170288086
1511,2.431036949157715
1512,2.435856342315674
1513,2.421013832092285
1514,2.42551326751709
1515,2.4207029342651367
1516,2.4264731407165527
1517,2.4398488998413086
1518,2.4515113830566406
1519,2.4405105113983154
1520,2.4305484294891357
1521,2.435540199279785
1522,2.4387075901031494
1523,2.415213108062744
1524,2.4228174686431885
1525,2.4205002784729004
1526,2.4335834980010986
1527,2.424492359161377
1528,2.4166646003723145
1529,2.4278178215026855
1530,2.409208059310913
1531,2.4110424518585205
1532,2.4094371795654297
1533,2.415801763534546
1534,2.416581630706787
1535,2.4168522357940674
1536,2.4294519424438477
1537,2.4359242916107178
1538,2.445345878601074
1539,2.4327492713928223
1540,2.4284768104553223
1541,2.419848918914795
1542,2.427377462387085
1543,2.4360475540161133
1544,2.4253246784210205
1545,2.419184446334839
1546,2.4371848106384277
1547,2.4280667304992676
1548,2.441777467727661
1549,2.4246459007263184
1550,2.4376730918884277
1551,2.428037166595459
1552,2.4352505207061768
1553,2.4343035221099854
1554,2.4237818717956543
1555,2.438687324523926
1556,2.4415411949157715
1557,2.4396371841430664
1558,2.434256076812744
1559,2.4388229846954346
1560,2.4460883140563965
1561,2.440725326538086
1562,2.43400239944458
1563,2.4324440956115723
1564,2.444052219390869
1565,2.4397075176239014
1566,2.4442386627197266
1567,2.4437241554260254
1568,2.4363932609558105
1569,2.4482948780059814
1570,2.453184127807617
1571,2.4484550952911377
1572,2.45131778717041
1573,2.4541592597961426
1574,2.457420825958252
1575,2.4539079666137695
1576,2.4454007148742676
1577,2.445004463195801
1578,2.4555978775024414
1579,2.45558500289917
1580,2.4474129676818848
1581,2.444591522216797
1582,2.4413702487945557
1583,2.442115306854248
1584,2.446256160736084
1585,2.451216697692871
1586,2.447706699371338
1587,2.4506478309631348
1588,2.450955390930176
1589,2.443357467651367
1590,2.447270393371582
1591,2.4521353244781494
1592,2.4472217559814453
1593,2.454613208770752
1594,2.44970440864563
1595,2.442277193069458
1596,2.4368042945861816
1597,2.4475018978118896
1598,2.4355053901672363
1599,2.4466428756713867
1600,2.454897403717041
1601,2.4417967796325684
1602,2.4534459114074707
1603,2.4474868774414062
1604,2.4614226818084717
1605,2.4530529975891113
1606,2.453007698059082
1607,2.4570538997650146
1608,2.453357219696045
1609,2.449183464050293
1610,2.4635210037231445
1611,2.4594802856445312
1612,2.456364154815674
1613,2.4561595916748047
1614,2.457890748977661
1615,2.459043264389038
1616,2.453949451446533
1617,2.4524972438812256
1618,2.4534759521484375
1619,2.449707508087158
1620,2.4636809825897217
1621,2.452224016189575
1622,2.4485292434692383
1623,2.4480271339416504
1624,2.4502463340759277
1625,2.451946258544922
1626,2.4337055683135986
1627,2.4426441192626953
1628,2.434464693069458
1629,2.447056293487549
1630,2.4317831993103027
1631,2.4369044303894043
1632,2.4427435398101807
1633,2.4437928199768066
1634,2.437105655670166
1635,2.4410595893859863
1636,2.457152843475342
1637,2.4393625259399414
1638,2.445141315460205
1639,2.455432891845703
1640,2.439344882965088
1641,2.449693202972412
1642,2.4498062133789062
1643,2.45403790473938
1644,2.4376120567321777
1645,2.43737530708313
1646,2.4422976970672607
1647,2.456118583679199
1648,2.448664903640747
1649,2.433206796646118
1650,2.432103157043457
1651,2.4314801692962646
1652,2.4497365951538086
1653,2.4343953132629395
1654,2.4382987022399902
1655,2.4350814819335938
1656,2.433128595352173
1657,2.438053607940674
1658,2.453819990158081
1659,2.438293933868408
1660,2.451369285583496
1661,2.4543251991271973
1662,2.434854745864868
1663,2.4359400272369385
1664,2.4516677856445312
1665,2.451591730117798
1666,2.4637231826782227
1667,2.448261260986328
1668,2.4569103717803955
1669,2.4583027362823486
1670,2.469691276550293
1671,2.45255184173584
1672,2.4570271968841553
1673,2.4774348735809326
1674,2.457655429840088
1675,2.4433770179748535
1676,2.448495626449585
1677,2.452789783477783
1678,2.4477524757385254
1679,2.441772699356079
1680,2.4531989097595215
1681,2.441612720489502
1682,2.446031093597412
1683,2.4256091117858887
1684,2.443957805633545
1685,2.443061351776123
1686,2.4397807121276855
1687,2.4318416118621826
1688,2.440896987915039
1689,2.4301915168762207
1690,2.431047201156616
1691,2.4408340454101562
1692,2.429615020751953
1693,2.453687906265259
1694,2.45686674118042
1695,2.437422275543213
1696,2.4562296867370605
1697,2.444486141204834
1698,2.4441909790039062
1699,2.4564661979675293
1700,2.4550886154174805
1701,2.461845636367798
1702,2.465758800506592
1703,2.4576754570007324
1704,2.46064829826355
1705,2.464503049850464
1706,2.4576921463012695
1707,2.4635558128356934
1708,2.447495460510254
1709,2.44348406791687
1710,2.4520297050476074
1711,2.4419503211975098
1712,2.4364686012268066
1713,2.441168785095215
1714,2.4374938011169434
1715,2.4461350440979004
1716,2.4532933235168457
1717,2.428968667984009
1718,2.4332470893859863
1719,2.440248966217041
1720,2.440530300140381
1721,2.445873737335205
1722,2.4427194595336914
1723,2.452421188354492
1724,2.450380802154541
1725,2.451240062713623
1726,2.451157569885254
1727,2.434581756591797
1728,2.4434380531311035
1729,2.4449894428253174
1730,2.4643611907958984
1731,2.44214129447937
1732,2.4552996158599854
1733,2.434983015060425
1734,2.4452219009399414
1735,2.461239814758301
1736,2.438296318054199
1737,2.4365177154541016
1738,2.439939260482788
1739,2.4570116996765137
1740,2.439662456512451
1741,2.4519803524017334
1742,2.4602038860321045
1743,2.4636521339416504
1744,2.45650053024292
1745,2.459045886993408
1746,2.4564852714538574
1747,2.458343505859375
1748,2.4562196731567383
1749,2.4457175731658936
1750,2.439887046813965
1751,2.4401865005493164
1752,2.429696559906006
1753,2.441598415374756
1754,2.451571226119995
1755,2.444460868835449
1756,2.446012258529663
1757,2.4449539184570312
1758,2.4352669715881348
1759,2.4403202533721924
1760,2.4441192150115967
1761,2.437196731567383
1762,2.4449477195739746
1763,2.449197769165039
1764,2.441545009613037
1765,2.4370710849761963
1766,2.447936773300171
1767,2.444509983062744
1768,2.433074474334717
1769,2.437134265899658
1770,2.448920249938965
1771,2.43861722946167
1772,2.433938980102539
1773,2.4586076736450195
1774,2.438960313796997
1775,2.4397263526916504
1776,2.461894989013672
1777,2.445587158203125
1778,2.449218511581421
1779,2.443189859390259
1780,2.447636127471924
1781,2.4588828086853027
1782,2.4409711360931396
1783,2.443915367126465
1784,2.444997787475586
1785,2.439837694168091
1786,2.4375362396240234
1787,2.4414591789245605
1788,2.4443697929382324
1789,2.457933187484741
1790,2.452409267425537
1791,2.4431991577148438
1792,2.4284305572509766
1793,2.4454758167266846
1794,2.4472203254699707
1795,2.4621596336364746
1796,2.444767475128174
1797,2.4417314529418945
1798,2.444218158721924
1799,2.4529218673706055
1800,2.4462106227874756
1801,2.4629740715026855
1802,2.4603326320648193
1803,2.465851068496704
1804,2.4596385955810547
1805,2.4488019943237305
1806,2.4482483863830566
1807,2.4499220848083496
1808,2.458847999572754
1809,2.4639575481414795
1810,2.464583158493042
1811,2.446072578430176
1812,2.4505317211151123
1813,2.440859794616699
1814,2.439716339111328
1815,2.4480056762695312
1816,2.4480276107788086
1817,2.4414408206939697
1818,2.4516398906707764
1819,2.4574718475341797
1820,2.4490435123443604
1821,2.4531140327453613
1822,2.4544167518615723
1823,2.459549903869629
1824,2.4456980228424072
1825,2.4609217643737793
1826,2.457038402557373
1827,2.4558725357055664
1828,2.4494731426239014
1829,2.44917631149292
1830,2.4472732543945312
1831,2.452535629272461
1832,2.451702833175659
1833,2.448883056640625
1834,2.4524011611938477
1835,2.4489755630493164
1836,2.457930088043213
1837,2.450416326522827
1838,2.4596076011657715
1839,2.458477020263672
1840,2.452633857727051
1841,2.454326629638672
1842,2.4706385135650635
1843,2.46803617477417
1844,2.4542016983032227
1845,2.4575235843658447
1846,2.4551148414611816
1847,2.460193157196045
1848,2.4546561241149902
1849,2.4464075565338135
1850,2.462488889694214
1851,2.4528884887695312
1852,2.4624738693237305
1853,2.457383394241333
1854,2.465181827545166
1855,2.4591856002807617
1856,2.4618561267852783
1857,2.4751365184783936
1858,2.4568448066711426
1859,2.4453444480895996
1860,2.465275287628174
1861,2.4582812786102295
1862,2.4497432708740234
1863,2.4782462120056152
1864,2.464700698852539
1865,2.4756975173950195
1866,2.4725818634033203
1867,2.4703705310821533
1868,2.4798460006713867
1869,2.4674482345581055
1870,2.483872890472412
1871,2.4797892570495605
1872,2.4812169075012207
1873,2.451847553253174
1874,2.4738194942474365
1875,2.4748196601867676
1876,2.472062587738037
1877,2.462352752685547
1878,2.4666695594787598
1879,2.471787691116333
1880,2.465398073196411
1881,2.472982883453369
1882,2.468916893005371
1883,2.491123914718628
1884,2.4726133346557617
1885,2.4608683586120605
1886,2.4679641723632812
1887,2.4520280361175537
1888,2.4637951850891113
1889,2.468595266342163
1890,2.466299057006836
1891,2.463031053543091
1892,2.4672093391418457
1893,2.463594675064087
1894,2.462738513946533
1895,2.4548251628875732
1896,2.4631381034851074
1897,2.4673280715942383
1898,2.464794158935547
1899,2.46254825592041
1900,2.4711098670959473
1901,2.458888053894043
1902,2.4598405361175537
1903,2.4709057807922363
1904,2.468137741088867
1905,2.449288845062256
1906,2.467949390411377
1907,2.4493443965911865
1908,2.4577834606170654
1909,2.4574291706085205
1910,2.461796760559082
1911,2.460970401763916
1912,2.472932815551758
1913,2.467170238494873
1914,2.4856319427490234
1915,2.466270685195923
1916,2.479236364364624
1917,2.4745399951934814
1918,2.471653461456299
1919,2.4744837284088135
1920,2.4776687622070312
1921,2.474090337753296
1922,2.477226734161377
1923,2.4992775917053223
1924,2.4843695163726807
1925,2.476545572280884
1926,2.472398519515991
1927,2.4663634300231934
1928,2.4725184440612793
1929,2.4821925163269043
1930,2.4767818450927734
1931,2.4875636100769043
1932,2.472537040710449
1933,2.4792063236236572
1934,2.485739231109619
1935,2.484584093093872
1936,2.4837565422058105
1937,2.487429618835449
1938,2.4897871017456055
1939,2.4947166442871094
1940,2.4875288009643555
1941,2.4892354011535645
1942,2.48480224609375
1943,2.4831111431121826
1944,2.4827957153320312
1945,2.4761526584625244
1946,2.4757230281829834
1947,2.465005397796631
1948,2.4852800369262695
1949,2.480520725250244
1950,2.4953227043151855
1951,2.482210159301758
1952,2.4882733821868896
1953,2.4814090728759766
1954,2.4892284870147705
1955,2.481771945953369
1956,2.489509105682373
1957,2.493084192276001
1958,2.482968330383301
1959,2.4826483726501465
1960,2.470987319946289
1961,2.4821276664733887
1962,2.491478443145752
1963,2.49415922164917
1964,2.479656457901001
1965,2.4957261085510254
1966,2.4926936626434326
1967,2.5147643089294434
1968,2.486837863922119
1969,2.4910943508148193
1970,2.4910635948181152
1971,2.4923453330993652
1972,2.4847536087036133
1973,2.486804485321045
1974,2.4915835857391357
1975,2.501594066619873
1976,2.4905447959899902
1977,2.4706029891967773
1978,2.476705551147461
1979,2.486480474472046
1980,2.4797139167785645
1981,2.5023112297058105
1982,2.5024359226226807
1983,2.506953716278076
1984,2.507345676422119
1985,2.517972946166992
1986,2.5002694129943848
1987,2.5204739570617676
1988,2.5226573944091797
1989,2.512721061706543
1990,2.507190227508545
1991,2.4838900566101074
1992,2.498134136199951
1993,2.490046977996826
1994,2.504014015197754
1995,2.4994990825653076
1996,2.505013942718506
1997,2.4998550415039062
1998,2.498548746109009
