,Jr
0,0.14748066663742065
1,0.12394176423549652
2,0.10148876160383224
3,0.08535905182361603
4,0.073621466755867
5,0.0613144226372242
6,0.04894114285707474
7,0.042426303029060364
8,0.03831556439399719
9,0.034965675324201584
10,0.026816338300704956
11,0.023287231102585793
12,0.016993820667266846
13,0.016574254259467125
14,0.017324533313512802
15,0.013712942600250244
16,0.013483764603734016
17,0.012981588020920753
18,0.01038118451833725
19,0.011059945449233055
20,0.008932266384363174
21,0.0072286706417799
22,0.00933830812573433
23,0.0056963711977005005
24,0.007273385301232338
25,0.003523346036672592
26,0.00832606852054596
27,0.005076697561889887
28,0.007044537924230099
29,0.00036387064028531313
30,0.008706990629434586
31,0.011898268014192581
32,0.00849174614995718
33,0.0024217332247644663
34,0.0069335144944489
35,0.0034442744217813015
36,0.014653125777840614
37,0.015199180692434311
38,0.001829732209444046
39,0.0031625444535166025
40,-0.0033089984208345413
41,0.00718593318015337
42,0.008264901116490364
43,0.016902891919016838
44,0.002705991268157959
45,0.00011992081999778748
46,0.0017586485482752323
47,0.004918911028653383
48,0.007276630494743586
49,0.0028341051656752825
50,0.007671138737350702
51,0.006924759596586227
52,0.005130584817379713
53,0.0111403688788414
54,0.005549282766878605
55,0.007787191309034824
56,0.004110482055693865
57,0.006257090717554092
58,0.00190840195864439
59,0.001444795518182218
60,0.00718212453648448
61,0.003924512304365635
62,-0.0007570570451207459
63,0.01311884168535471
64,-0.0019931718707084656
65,2.5462359189987183e-06
66,0.009325834922492504
67,-0.0036321296356618404
68,-0.005729984026402235
69,-0.0020961000118404627
70,-0.00021594809368252754
71,0.005982487462460995
72,0.01694367453455925
73,0.0056171296164393425
74,-0.006272786762565374
75,0.004016635473817587
76,0.004452508874237537
77,-0.0007198700914159417
78,0.009473524056375027
79,-0.00026957341469824314
80,0.010992418974637985
81,0.004466480575501919
82,0.01114205364137888
83,0.00884177815169096
84,-0.008680833503603935
85,0.0024699110072106123
86,0.0010707698529586196
87,0.000611612107604742
88,0.008025778457522392
89,0.008265169337391853
90,0.005123923532664776
91,0.003692716360092163
92,0.004630517680197954
93,0.0001675393432378769
94,0.001328739570453763
95,-0.0014587154146283865
96,-0.0015228264965116978
97,0.006232189945876598
98,0.003213685005903244
99,0.0017191264778375626
100,0.013730677776038647
101,0.010953325778245926
102,0.006312279030680656
103,0.0033494760282337666
104,-0.009029263630509377
105,0.00037732115015387535
106,0.008111899718642235
107,-0.002950979396700859
108,0.011692705564200878
109,-0.002942433813586831
110,0.0066461083479225636
111,0.0014623444294556975
112,0.001999936532229185
113,0.001345824683085084
114,-0.0016969158314168453
115,-0.0013666851446032524
116,0.0027711906004697084
117,0.003008665982633829
118,0.006209980230778456
119,0.005806438624858856
120,0.012574289925396442
121,0.0149122579023242
122,-0.004906421061605215
123,0.009585598483681679
124,0.008416473865509033
125,0.008337817154824734
126,0.0022808180656284094
127,0.002840509405359626
128,0.005820761434733868
129,0.006081258878111839
130,0.009006088599562645
131,0.009585327468812466
132,0.004603943787515163
133,0.006996165961027145
134,0.0001335532870143652
135,0.006530895829200745
136,0.01156124472618103
137,-1.791585236787796e-05
138,0.006393813528120518
139,-0.00043881882447749376
140,0.009806761518120766
141,0.004927292466163635
142,0.012772654183208942
143,0.0019090835703536868
144,0.0020230570808053017
145,0.01339128240942955
146,0.005108618177473545
147,0.013186344876885414
148,-0.005289782769978046
149,-0.002494657877832651
150,0.000891772098839283
151,-0.004299991298466921
152,0.005524289328604937
153,0.0028441124595701694
154,0.01601766049861908
155,0.009246661327779293
156,0.004101343918591738
157,0.002392255235463381
158,0.0017912660259753466
159,0.01040077954530716
160,0.010251329280436039
161,0.0048130471259355545
162,0.0031894848216325045
163,-0.011851189658045769
164,0.02059362828731537
165,0.008256453089416027
166,0.004747383296489716
167,-0.007260535843670368
168,-0.0003628733102232218
169,0.006637656129896641
170,-0.0002601700834929943
171,0.01071156281977892
172,0.015435950830578804
173,-0.0004244185984134674
174,0.008204082027077675
175,-0.001956506632268429
176,0.004997915588319302
177,0.003714540973305702
178,0.005980738438665867
179,0.007340571843087673
180,-0.0005733822472393513
181,0.019847074523568153
182,0.0038421754725277424
183,0.005838262848556042
184,0.0186716690659523
185,0.007676753215491772
186,0.012489410117268562
187,0.0042612929828464985
188,0.010610584169626236
189,0.004599527455866337
190,0.013968236744403839
191,0.006624984089285135
192,0.0058200545608997345
193,0.007610906846821308
194,0.0020682376343756914
195,0.005429679062217474
196,0.00046613323502242565
197,0.0074792117811739445
198,0.006524165626615286
199,0.001957487780600786
200,0.005338254384696484
201,-0.0015356900403276086
202,0.008171572349965572
203,0.013090374879539013
204,0.014029651880264282
205,0.005240296013653278
206,0.010907622054219246
207,0.016212761402130127
208,0.006305595859885216
209,-0.00161005649715662
210,0.018385523930191994
211,0.009848768822848797
212,0.018475962802767754
213,0.006327376700937748
214,0.0019645127467811108
215,0.0017584692686796188
216,0.014943820424377918
217,0.019054925069212914
218,0.009650720283389091
219,-0.0003916837740689516
220,0.002825615694746375
221,0.012153052724897861
222,-0.00038647372275590897
223,0.006106249056756496
224,0.0018598451279103756
225,0.005935750436037779
226,0.003204786218702793
227,0.008412773720920086
228,0.0010027284733951092
229,0.00996974017471075
230,0.012524647638201714
231,0.002764172852039337
232,0.0069417329505085945
233,0.005981328897178173
234,0.004282327368855476
235,0.017267458140850067
236,0.009509175084531307
237,0.02538921684026718
238,0.015637174248695374
239,0.012342160567641258
240,0.005663419142365456
241,0.010890448465943336
242,0.016664579510688782
243,0.008212665095925331
244,0.012752275913953781
245,0.01468162052333355
246,0.009107880294322968
247,0.003046327503398061
248,0.009124547243118286
249,0.021934403106570244
250,0.015952611342072487
251,0.028387408703565598
252,0.020814768970012665
253,0.017268851399421692
254,0.022008143365383148
255,0.012693499214947224
256,0.0221240296959877
257,0.017490383237600327
258,0.012303677387535572
259,0.010274425148963928
260,0.02050427533686161
261,0.015691425651311874
262,0.008995862677693367
263,0.016111768782138824
264,0.009779812768101692
265,0.011867444962263107
266,0.005675904452800751
267,0.01705964095890522
268,0.0086652971804142
269,0.0017387247644364834
270,0.002323236782103777
271,0.011735491454601288
272,0.021138349547982216
273,0.016711488366127014
274,-0.0016300177667289972
275,0.009417152032256126
276,0.00961220357567072
277,0.011068158783018589
278,-0.0062214988283813
279,0.006030795630067587
280,0.02059161849319935
281,0.01201871782541275
282,0.002329861046746373
283,0.0114582609385252
284,0.01828077994287014
285,0.022008001804351807
286,0.015108935534954071
287,0.009511588141322136
288,0.00974506326019764
289,0.0072835031896829605
290,0.012719948776066303
291,-0.008536388166248798
292,0.009310242719948292
293,0.006747395731508732
294,0.012032309547066689
295,0.0010481813224032521
296,-0.008638383820652962
297,0.015595871955156326
298,0.019033638760447502
299,0.027710463851690292
300,0.006073786411434412
301,0.004991861060261726
302,0.01603420078754425
303,0.005280220415443182
304,0.007879409939050674
305,0.018978726118803024
306,0.015031361021101475
307,0.028811020776629448
308,0.016316965222358704
309,0.01932491734623909
310,0.005745980888605118
311,0.016911067068576813
312,0.023723870515823364
313,0.014255420304834843
314,0.017736421898007393
315,-0.0021815160289406776
316,0.026562988758087158
317,0.0027426083106547594
318,0.008107836358249187
319,0.0010417489102110267
320,0.014083938673138618
321,0.012782099656760693
322,0.0260763019323349
323,0.011765307746827602
324,0.01702915132045746
325,0.010384774766862392
326,0.010501135140657425
327,0.017069749534130096
328,0.019782252609729767
329,0.026555173099040985
330,0.019155353307724
331,0.018299568444490433
332,0.01917344704270363
333,0.01966724544763565
334,0.008211829699575901
335,0.010969622991979122
336,0.00447250809520483
337,0.008981067687273026
338,0.0024657072499394417
339,0.011147327721118927
340,0.016107063740491867
341,0.005874302703887224
342,0.014456482604146004
343,0.024653779342770576
344,0.029190408065915108
345,0.018290814012289047
346,0.013156766071915627
347,0.017392732203006744
348,0.023518703877925873
349,0.006347585469484329
350,0.014458168298006058
351,0.009379277005791664
352,0.008205871097743511
353,0.012446352280676365
354,0.019761312752962112
355,0.03126315027475357
356,0.02861306630074978
357,0.01839221455156803
358,0.02110697329044342
359,0.001696295104920864
360,0.02384646236896515
361,0.012565013021230698
362,0.013290352188050747
363,0.01039563212543726
364,0.024943498894572258
365,0.012450141832232475
366,0.014400574378669262
367,0.013104701414704323
368,0.0013346499763429165
369,0.015279456041753292
370,0.015442276373505592
371,0.023196991533041
372,0.021165665239095688
373,0.004103466868400574
374,0.02359941229224205
375,0.018651291728019714
376,0.017934288829565048
377,-0.0016902172937989235
378,0.03353956714272499
379,0.009546673856675625
380,0.030104046687483788
381,0.010560797527432442
382,0.009732180275022984
383,0.011002549901604652
384,0.02143845334649086
385,0.010602750815451145
386,0.01468752697110176
387,-0.00723078940063715
388,0.0006978833116590977
389,0.02548939362168312
390,0.010779468342661858
391,0.023562369868159294
392,0.012308606877923012
393,0.005962032824754715
394,0.01905009150505066
395,0.030078845098614693
396,0.019374137744307518
397,0.017711598426103592
398,0.015193678438663483
399,0.017743682488799095
400,0.01404427457600832
401,-0.0011967052705585957
402,0.004017426632344723
403,0.009745083749294281
404,0.03565342724323273
405,0.017721053212881088
406,0.016604609787464142
407,0.010044973343610764
408,0.0076928469352424145
409,0.02221301570534706
410,0.011692839674651623
411,0.0176701620221138
412,0.014776060357689857
413,0.009202399291098118
414,0.013244375586509705
415,0.016638455912470818
416,0.015161857008934021
417,0.015957865864038467
418,0.01799509860575199
419,0.027938617393374443
420,0.005106056109070778
421,0.010100837796926498
422,0.01162949949502945
423,0.005647765472531319
424,0.00016712723299860954
425,0.008285434916615486
426,0.01050428207963705
427,0.013581695966422558
428,0.007639231625944376
429,0.019765354692935944
430,0.0025564762763679028
431,0.0005503525026142597
432,0.007979271933436394
433,0.02601347304880619
434,0.01808517798781395
435,0.015342514030635357
436,0.010408180765807629
437,0.022806081920862198
438,0.00738652516156435
439,0.015919320285320282
440,0.021637216210365295
441,0.007591746747493744
442,0.024264752864837646
443,-0.0011463428381830454
444,0.02114957571029663
445,-0.004051646217703819
446,0.011403586715459824
447,0.017661046236753464
448,0.014818140305578709
449,0.00839938409626484
450,0.003496040590107441
451,0.01375492662191391
452,0.008468504063785076
453,0.026010503992438316
454,0.019780203700065613
455,-0.0036071755457669497
456,0.025151852518320084
457,-0.0009495154954493046
458,0.013971356675028801
459,0.02017923630774021
460,0.0191325843334198
461,0.007335983216762543
462,0.01149209775030613
463,0.007159840315580368
464,0.016855888068675995
465,0.02327720634639263
466,0.00045431172475218773
467,0.011288455687463284
468,0.009112541563808918
469,0.037994906306266785
470,-0.006434971000999212
471,0.005286184139549732
472,0.022447846829891205
473,-0.0014211530797183514
474,0.013831842690706253
475,-0.0013460243353620172
476,0.025297366082668304
477,0.01614592783153057
478,0.019376972690224648
479,0.004429265391081572
480,0.007850173860788345
481,-0.001524817431345582
482,0.0072329966351389885
483,0.010765350423753262
484,0.00782583374530077
485,0.014026589691638947
486,-0.0048827240243554115
487,0.023695042356848717
488,0.01669928804039955
489,0.008537029847502708
490,0.012622654438018799
491,0.02725915238261223
492,0.01451872382313013
493,0.03826669603586197
494,0.02087007835507393
495,0.018764706328511238
496,0.037763811647892
497,0.012450047768652439
498,0.01909003220498562
499,0.014802616089582443
500,0.02329377830028534
501,0.0075835916213691235
502,0.02657812088727951
503,0.04219835624098778
504,0.017112836241722107
505,0.023188164457678795
506,0.01289096474647522
507,0.033622778952121735
508,0.00791184138506651
509,0.004499617964029312
510,0.01900188997387886
511,0.02636094018816948
512,0.020179659128189087
513,0.012606821022927761
514,0.023701803758740425
515,0.001883024931885302
516,0.010096756741404533
517,0.034820955246686935
518,0.031382862478494644
519,0.0482499822974205
520,-0.0006891975644975901
521,0.035148151218891144
522,-0.0010443148203194141
523,0.030343759804964066
524,0.0255032517015934
525,0.014463497325778008
526,0.01622585952281952
527,0.007388932630419731
528,0.010656490921974182
529,0.020751819014549255
530,-0.0038666222244501114
531,0.04145006462931633
532,0.016789747402071953
533,0.035489507019519806
534,0.019293440505862236
535,0.025773782283067703
536,0.022594911977648735
537,0.005848750472068787
538,0.0208665169775486
539,0.03382398188114166
540,0.015363933518528938
541,0.014955319464206696
542,0.018944507464766502
543,0.023809347301721573
544,0.017338979989290237
545,0.039917685091495514
546,-0.00394198065623641
547,-0.0041811210103333
548,0.021340131759643555
549,0.0073587000370025635
550,0.003459514118731022
551,-0.0007225768640637398
552,0.021321162581443787
553,-0.0015711700543761253
554,0.025773070752620697
555,0.012998911552131176
556,0.04438815265893936
557,0.01723446696996689
558,0.02596297301352024
559,0.01971772126853466
560,0.01955881156027317
561,0.026620404794812202
562,0.01784433051943779
563,0.01774521917104721
564,0.021346161141991615
565,0.031216531991958618
566,0.020384835079312325
567,-0.004193322733044624
568,0.029973171651363373
569,0.014577161520719528
570,0.016060637310147285
571,0.022741779685020447
572,0.020403791218996048
573,0.0195282232016325
574,0.014911074191331863
575,0.02364213392138481
576,0.012507311068475246
577,0.041299641132354736
578,0.02067684195935726
579,0.01734670251607895
580,0.02272755093872547
581,0.03266700729727745
582,-0.0079481340944767
583,0.03150157630443573
584,0.0063460697419941425
585,0.00205259770154953
586,0.013474179431796074
587,0.0241581778973341
588,0.011284084990620613
589,0.026149099692702293
590,-0.008198569528758526
591,0.020567798987030983
592,0.05674690753221512
593,0.013911484740674496
594,0.025593174621462822
595,0.020975671708583832
596,-0.0007774201221764088
597,0.022423384711146355
598,0.008319392800331116
599,0.014978126622736454
600,0.01574624888598919
601,0.03397412225604057
602,0.020816421136260033
603,0.018781468272209167
604,0.038452476263046265
605,0.02517656981945038
606,0.060096193104982376
607,0.02994546853005886
608,0.01318025030195713
609,0.02406972646713257
610,0.0035386444069445133
611,-0.012278069742023945
612,0.009652622044086456
613,0.012362834066152573
614,0.028191881254315376
615,0.04231133311986923
616,0.021807949990034103
617,0.019064076244831085
618,0.00979635864496231
619,0.011639563366770744
620,0.008539694361388683
621,0.008029459975659847
622,0.002885041292756796
623,0.0005242535262368619
624,0.0011209719814360142
625,0.016552945598959923
626,0.03218429908156395
627,0.02049771510064602
628,0.019758615642786026
629,0.023777291178703308
630,0.016099266707897186
631,0.04292341694235802
632,0.02363760396838188
633,0.01731541007757187
634,0.0033410643227398396
635,0.014652557671070099
636,0.01264035515487194
637,0.041267503052949905
638,0.007998679764568806
639,0.03160284459590912
640,0.009009081870317459
641,0.03340653330087662
642,0.05141507089138031
643,0.006204355973750353
644,0.0069775693118572235
645,0.020714467391371727
646,0.02433752827346325
647,0.017781756818294525
648,0.028980137780308723
649,0.011707047000527382
650,0.0028416600544005632
651,0.028331246227025986
652,0.06192263960838318
653,0.004876254126429558
654,-0.011962941847741604
655,0.01803361065685749
656,0.035314008593559265
657,0.05579407513141632
658,0.017411544919013977
659,0.0466696172952652
660,0.0013314294628798962
661,0.014610303565859795
662,0.03346852958202362
663,0.02922873944044113
664,0.0820106491446495
665,0.009535180404782295
666,0.021734509617090225
667,0.0007114694453775883
668,0.009411850944161415
669,0.036103591322898865
670,0.03209926187992096
671,0.0474666953086853
672,0.01785634085536003
673,0.034265607595443726
674,0.009883308783173561
675,0.002402708400040865
676,0.02111576870083809
677,0.030657634139060974
678,0.045876916497945786
679,0.010187498293817043
680,0.04256129264831543
681,0.03730836510658264
682,0.006396249867975712
683,0.041720204055309296
684,0.029718365520238876
685,0.03624987602233887
686,0.0036107562482357025
687,0.003433573991060257
688,0.006723416969180107
689,0.004720313008874655
690,0.0346243791282177
691,0.04903610050678253
692,0.009616577066481113
693,0.031368810683488846
694,0.030796237289905548
695,0.017852798104286194
696,0.01823856681585312
697,0.02426677942276001
698,-0.0066042812541127205
699,0.03153228387236595
700,0.025290079414844513
701,0.019464047625660896
702,0.04009323567152023
703,0.03660133481025696
704,-0.0017191243823617697
705,0.04390796273946762
706,0.023244181647896767
707,0.028463182970881462
708,0.040242258459329605
709,0.019828911870718002
710,0.007362606935203075
711,0.026030249893665314
712,0.004143455997109413
713,-0.0008489172905683517
714,0.02437535859644413
715,0.04193095117807388
716,0.006377433426678181
717,0.003797539509832859
718,0.0450972318649292
719,0.0006731878966093063
720,0.02667255513370037
721,0.01300165243446827
722,0.03315773606300354
723,0.02776636928319931
724,0.003771888092160225
725,0.046720173209905624
726,0.04335739463567734
727,-0.004842895548790693
728,0.06563794612884521
729,0.03509235382080078
730,0.02138759195804596
731,0.03245384246110916
732,0.05777185782790184
733,0.034743450582027435
734,0.015084084123373032
735,0.006649733986705542
736,0.02992529794573784
737,-0.010289673693478107
738,0.028315823525190353
739,0.019743122160434723
740,0.012539359740912914
741,0.04031027853488922
742,0.05386132746934891
743,0.030452268198132515
744,0.04157605022192001
745,0.05638964846730232
746,0.04558263346552849
747,-0.0033002030104398727
748,0.024154331535100937
749,0.04431457817554474
750,0.030606161803007126
751,0.012198829092085361
752,0.023308347910642624
753,0.01653878204524517
754,0.001238806638866663
755,0.04550375044345856
756,0.03817074000835419
757,-0.00809646025300026
758,0.042268797755241394
759,0.07350725680589676
760,0.031118471175432205
761,0.046745967119932175
762,0.0677134320139885
763,0.03536062687635422
764,0.031653374433517456
765,0.055297914892435074
766,0.03432833403348923
767,0.01815720461308956
768,0.05756805092096329
769,0.03333413600921631
770,0.06054649129509926
771,0.01820627599954605
772,0.0380575954914093
773,0.016609136015176773
774,0.05797667056322098
775,0.029847867786884308
776,0.037795692682266235
777,0.023451032117009163
778,0.04010576754808426
779,0.04692463576793671
780,0.03385894000530243
781,0.04324717074632645
782,0.061458900570869446
783,0.06822381913661957
784,0.07157370448112488
785,0.0176721028983593
786,0.03992462158203125
787,0.018335504457354546
788,0.025609716773033142
789,0.0198364220559597
790,0.04568542540073395
791,0.04427352175116539
792,0.07473389804363251
793,0.0029147921595722437
794,0.039556823670864105
795,0.019357113167643547
796,0.016513850539922714
797,0.061861418187618256
798,0.06445704400539398
799,0.03759947791695595
800,0.049163106828927994
801,0.037626974284648895
802,0.04446046054363251
803,0.04787931591272354
804,0.04198534041643143
805,0.020615076646208763
806,0.03679380938410759
807,0.01104489341378212
808,0.04386843740940094
809,0.03558989614248276
810,0.058489974588155746
811,0.02933518774807453
812,0.030535049736499786
813,0.08718910813331604
814,0.03033490851521492
815,0.05301712080836296
816,0.019806239753961563
817,0.049401670694351196
818,0.06435318291187286
819,0.005604766309261322
820,0.060634545981884
821,0.016746554523706436
822,0.04710216820240021
823,0.004869431257247925
824,0.0599643737077713
825,0.05753934755921364
826,0.047891050577163696
827,0.029351556673645973
828,0.0521421805024147
829,0.015921706333756447
830,0.023033712059259415
831,0.006095213815569878
832,0.04076187685132027
833,0.04161183536052704
834,0.03412201255559921
835,0.05010691285133362
836,0.03562662750482559
837,0.049176380038261414
838,0.053045473992824554
839,0.013975722715258598
840,0.06722991168498993
841,0.037012048065662384
842,0.05174397677183151
843,0.046506136655807495
844,0.0702005922794342
845,0.03601653501391411
846,0.0077691818587481976
847,0.08452043682336807
848,0.036626771092414856
849,0.05110587924718857
850,-0.008919857442378998
851,0.08381664752960205
852,0.07180587947368622
853,0.037922341376543045
854,0.02585398405790329
855,0.04535302892327309
856,0.024635562673211098
857,0.034320537000894547
858,0.016359204426407814
859,0.03835621848702431
860,0.05771956220269203
861,0.043766409158706665
862,0.09220079332590103
863,0.019680080935359
864,0.00040639378130435944
865,0.05564844235777855
866,0.05940989404916763
867,0.06356699019670486
868,0.06496058404445648
869,0.06523936241865158
870,0.019215572625398636
871,0.030373739078640938
872,0.05012599378824234
873,0.04289844632148743
874,0.040978141129016876
875,0.0858856737613678
876,0.08770951628684998
877,0.046424057334661484
878,0.0374116525053978
879,0.056751422584056854
880,0.03903912007808685
881,0.01037601288408041
882,0.02976936288177967
883,0.049235157668590546
884,0.030085083097219467
885,0.003953670151531696
886,0.05720439553260803
887,0.0383303128182888
888,0.052940934896469116
889,0.05530841648578644
890,0.04493068903684616
891,-0.0027590999379754066
892,0.039785031229257584
893,0.019025515764951706
894,0.05847310647368431
895,0.0011746864765882492
896,0.08538271486759186
897,0.05600697547197342
898,0.030673805624246597
899,0.04611261561512947
900,0.04491181671619415
901,0.052975185215473175
902,0.03668968379497528
903,0.03591141477227211
904,0.029632700607180595
905,0.04565750062465668
906,0.008432289585471153
907,0.07691702246665955
908,0.07596130669116974
909,0.01967211440205574
910,0.041890136897563934
911,0.03501521423459053
912,0.02079586125910282
913,0.06628169119358063
914,0.03142988309264183
915,0.02655227668583393
916,0.021022403612732887
917,0.038337498903274536
918,0.03634890913963318
919,0.07376359403133392
920,0.0786113291978836
921,0.02113829180598259
922,0.0816267877817154
923,0.049986567348241806
924,0.03287263214588165
925,0.03368239104747772
926,0.08935081213712692
927,0.0054097562097013
928,0.043659377843141556
929,0.013461447320878506
930,0.0606498122215271
931,0.07730339467525482
932,0.0290645994246006
933,0.05030743032693863
934,0.04600519314408302
935,-0.008669843897223473
936,0.05853269249200821
937,0.046394772827625275
938,0.05014191195368767
939,0.045440658926963806
940,0.00102164875715971
941,0.0769861489534378
942,0.026720765978097916
943,0.07290574163198471
944,0.07168552279472351
945,0.005060593597590923
946,0.0656026154756546
947,0.03748652711510658
948,0.053909286856651306
949,0.03829142823815346
950,0.056015368551015854
951,0.1410297155380249
952,0.031038103625178337
953,0.02519303932785988
954,0.044981904327869415
955,-0.011747658252716064
956,0.06803779304027557
957,0.07683011144399643
958,0.05100932717323303
959,0.10581935942173004
960,0.014309016987681389
961,0.04688926413655281
962,0.04127456247806549
963,0.07323667407035828
964,0.0415087565779686
965,0.06861984729766846
966,0.01699247397482395
967,0.06079506874084473
968,0.04160081595182419
969,0.00431841891258955
970,0.05117664486169815
971,0.0163889117538929
972,0.014301246963441372
973,0.05996277928352356
974,0.0461483970284462
975,0.013172779232263565
976,0.005320902913808823
977,0.017388246953487396
978,0.013643561862409115
979,0.04888395592570305
980,0.07444111257791519
981,-0.03853198140859604
982,0.023850006982684135
983,0.044718775898218155
984,0.05522509664297104
985,0.078544482588768
986,0.017274662852287292
987,0.05534796044230461
988,0.04876195639371872
989,-0.0018306029960513115
990,0.0736749917268753
991,0.07399202138185501
992,0.05510883033275604
993,0.04199643060564995
994,0.03803156316280365
995,0.048593804240226746
996,0.0276324599981308
997,0.024226272478699684
998,0.024038046598434448
999,0.06051413714885712
1000,0.07663894444704056
1001,0.0900823324918747
1002,0.029829951003193855
1003,0.062289685010910034
1004,0.015428941696882248
1005,0.05538606643676758
1006,0.11099869757890701
1007,0.07114653289318085
1008,-0.0011227652430534363
1009,0.08448442816734314
1010,0.05255371332168579
1011,-0.010229401290416718
1012,0.043436598032712936
1013,0.040862664580345154
1014,0.0564291775226593
1015,0.056920841336250305
1016,0.013019567355513573
1017,0.011361900717020035
1018,0.06296999752521515
1019,0.0334213525056839
1020,0.11185070872306824
1021,0.07680400460958481
1022,0.08244197070598602
1023,-0.012347729876637459
1024,0.05774799734354019
1025,0.11606614291667938
1026,0.053442761301994324
1027,0.061463214457035065
1028,0.060814350843429565
1029,0.046847499907016754
1030,-0.0009139664471149445
1031,0.065684475004673
1032,0.037591684609651566
1033,0.011408107355237007
1034,0.0692683756351471
1035,0.0823807567358017
1036,0.08525808155536652
1037,0.03620431199669838
1038,0.018610259518027306
1039,0.015423544682562351
1040,0.10470534861087799
1041,0.024422241374850273
1042,0.08287744969129562
1043,0.0654173344373703
1044,0.08662816882133484
1045,0.07721225917339325
1046,0.059760257601737976
1047,0.1166168749332428
1048,0.11124293506145477
1049,0.029051875695586205
1050,-0.018994109705090523
1051,0.10050861537456512
1052,0.02025565132498741
1053,0.08423081040382385
1054,0.03962283954024315
1055,0.07106131315231323
1056,0.06166652590036392
1057,0.06532250344753265
1058,0.049949727952480316
1059,0.0360618457198143
1060,0.07653135061264038
1061,0.0713677704334259
1062,0.026772378012537956
1063,0.13897989690303802
1064,0.10679605603218079
1065,0.048702046275138855
1066,0.0943329930305481
1067,0.01841578260064125
1068,0.000441916286945343
1069,0.10328027606010437
1070,0.02012523077428341
1071,-0.0005495529621839523
1072,0.06425237655639648
1073,0.12311509251594543
1074,0.07575739920139313
1075,0.03953805938363075
1076,0.029367946088314056
1077,0.0661906972527504
1078,0.07702455669641495
1079,0.11918480694293976
1080,0.005534891039133072
1081,0.0723942294716835
1082,0.027045920491218567
1083,0.144891619682312
1084,0.1190776452422142
1085,0.018037039786577225
1086,0.023656925186514854
1087,0.08089940994977951
1088,0.0688149482011795
1089,0.03472842276096344
1090,0.07242433726787567
1091,0.06351153552532196
1092,0.08787082135677338
1093,0.03764118626713753
1094,0.04048837721347809
1095,0.08814732730388641
1096,0.06617093831300735
1097,0.059730298817157745
1098,0.04727204889059067
1099,0.07587055116891861
1100,0.09357542544603348
1101,0.0721433162689209
1102,0.011260071769356728
1103,0.08859658241271973
1104,0.05204394459724426
1105,0.11089642345905304
1106,0.021818704903125763
1107,0.049060333520174026
1108,0.0735781192779541
1109,0.09084445238113403
1110,0.07626623660326004
1111,0.11967667937278748
1112,0.0830380767583847
1113,0.07981142401695251
1114,0.044524431228637695
1115,-6.955862045288086e-05
1116,0.06087479740381241
1117,0.06283043324947357
1118,0.0549924299120903
1119,0.051986921578645706
1120,0.03420740365982056
1121,0.09870871901512146
1122,0.09218098968267441
1123,0.06865230202674866
1124,0.11547708511352539
1125,0.03699684143066406
1126,0.15364965796470642
1127,0.06876559555530548
1128,0.10001891851425171
1129,0.016380654647946358
1130,0.057127997279167175
1131,0.02353912964463234
1132,0.06676951795816422
1133,0.11546111106872559
1134,0.06479906290769577
1135,0.06963737308979034
1136,0.16347074508666992
1137,0.06556282192468643
1138,0.12369835376739502
1139,0.04220183193683624
1140,0.04028034955263138
1141,-0.040261175483465195
1142,0.04623352736234665
1143,0.06718961894512177
1144,0.0976201742887497
1145,0.08070245385169983
1146,0.09157837927341461
1147,0.005377531051635742
1148,0.03714381903409958
1149,0.06124667078256607
1150,0.0653635710477829
1151,0.09692265838384628
1152,0.0618458017706871
1153,0.0005127247422933578
1154,0.04209759831428528
1155,0.025629734620451927
1156,0.0837554857134819
1157,0.10298837721347809
1158,0.04794475436210632
1159,0.11126521229743958
1160,-0.02476733736693859
1161,0.10309198498725891
1162,0.07134972512722015
1163,0.07878488302230835
1164,0.04878772050142288
1165,0.09033587574958801
1166,0.020656365901231766
1167,0.031535618007183075
1168,0.0753646194934845
1169,0.0073873624205589294
1170,0.0692150741815567
1171,0.08845297992229462
1172,0.06619012355804443
1173,0.10733580589294434
1174,0.06809034943580627
1175,0.048023615032434464
1176,0.11603710055351257
1177,0.08283182978630066
1178,0.1313457190990448
1179,0.027382681146264076
1180,0.06331567466259003
1181,0.1374213993549347
1182,0.0014662472531199455
1183,0.04787455499172211
1184,0.10045213997364044
1185,-0.007349677383899689
1186,0.06606974452733994
1187,0.08759577572345734
1188,0.1001896858215332
1189,0.04523839056491852
1190,0.1109815239906311
1191,0.19477862119674683
1192,0.04734054580330849
1193,0.06451957672834396
1194,0.07080195099115372
1195,0.11518815904855728
1196,0.08912777155637741
1197,0.008780671283602715
1198,0.09559836983680725
1199,0.13096269965171814
1200,0.08898083120584488
1201,0.10414066165685654
1202,0.07577966153621674
1203,0.08024998009204865
1204,0.08766354620456696
1205,0.08451990783214569
1206,0.11281922459602356
1207,0.14733678102493286
1208,0.06771698594093323
1209,0.12194991111755371
1210,0.09756623953580856
1211,0.07826482504606247
1212,0.09226113557815552
1213,-0.02051861211657524
1214,0.14016267657279968
1215,0.03431360423564911
1216,0.09097865223884583
1217,0.06556113064289093
1218,0.1615443229675293
1219,0.09528332948684692
1220,0.048739369958639145
1221,0.20606184005737305
1222,0.08576623350381851
1223,0.15440984070301056
1224,0.039178408682346344
1225,0.08021131902933121
1226,0.1148112341761589
1227,0.10934725403785706
1228,0.08630228787660599
1229,0.10639774799346924
1230,0.08020245283842087
1231,0.06250655651092529
1232,0.1186109185218811
1233,0.00106087327003479
1234,0.12621058523654938
1235,0.023819979280233383
1236,0.07573958486318588
1237,0.07233937829732895
1238,0.050069648772478104
1239,0.11095934361219406
1240,0.04688586667180061
1241,0.0836639404296875
1242,0.14991623163223267
1243,0.04852188378572464
1244,0.13211305439472198
1245,0.1274401694536209
1246,0.053302112966775894
1247,0.16170914471149445
1248,0.1418350636959076
1249,0.12727460265159607
1250,0.06281960755586624
1251,0.08317689597606659
1252,0.040479570627212524
1253,0.1832202970981598
1254,-0.0035899821668863297
1255,0.12480509281158447
1256,0.07736605405807495
1257,0.11777391284704208
1258,0.01992207020521164
1259,0.11988724023103714
1260,0.08620661497116089
1261,0.1544308364391327
1262,0.0715230256319046
1263,0.0929381400346756
1264,0.09000933170318604
1265,0.07628072053194046
1266,0.14286425709724426
1267,0.13287872076034546
1268,0.0955088809132576
1269,0.10846513509750366
1270,0.09119559824466705
1271,0.11758365482091904
1272,0.07820858061313629
1273,0.11376411467790604
1274,0.2247788906097412
1275,0.08805245161056519
1276,0.05238027125597
1277,0.1640070676803589
1278,0.114559106528759
1279,0.039411112666130066
1280,0.08652707934379578
1281,0.10592810809612274
1282,0.0846707820892334
1283,0.07586197555065155
1284,0.16596995294094086
1285,0.10771610587835312
1286,-0.022392060607671738
1287,0.011843616142868996
1288,0.11688461899757385
1289,0.06463919579982758
1290,0.18116703629493713
1291,0.02532729133963585
1292,0.1251763105392456
1293,0.056437209248542786
1294,0.11506226658821106
1295,0.22723093628883362
1296,0.06155560538172722
1297,0.15224742889404297
1298,0.03357192873954773
1299,0.06361028552055359
1300,0.04545493423938751
1301,0.06303226947784424
1302,0.12548333406448364
1303,0.10447368770837784
1304,0.1570286750793457
1305,0.05561617389321327
1306,0.0785665214061737
1307,0.1134551614522934
1308,0.060607459396123886
1309,0.08822061121463776
1310,0.016746148467063904
1311,0.20401617884635925
1312,0.048277437686920166
1313,0.18774950504302979
1314,0.1799197942018509
1315,0.08421982824802399
1316,0.15693895518779755
1317,0.1281295120716095
1318,0.17200717329978943
1319,0.08379773795604706
1320,0.2527908384799957
1321,0.20594185590744019
1322,0.0599202960729599
1323,0.2136641889810562
1324,0.16468597948551178
1325,0.05906613916158676
1326,0.09325674176216125
1327,0.1186281368136406
1328,0.09803037345409393
1329,0.10975956171751022
1330,0.11190289258956909
1331,0.07491055130958557
1332,0.21943894028663635
1333,0.07879915833473206
1334,0.03002648800611496
1335,0.14046689867973328
1336,0.07343921065330505
1337,0.1220315620303154
1338,0.16182897984981537
1339,0.12809902429580688
1340,0.10298503935337067
1341,0.17018859088420868
1342,0.03976164385676384
1343,0.21186932921409607
1344,0.24624431133270264
1345,0.04438919946551323
1346,0.07498174905776978
1347,0.20772680640220642
1348,0.18589209020137787
1349,0.05924728885293007
1350,0.17696864902973175
1351,0.16178086400032043
1352,0.15311767160892487
1353,0.10591837018728256
1354,0.11912918090820312
1355,0.14661356806755066
1356,0.06947433948516846
1357,0.15959341824054718
1358,0.22268621623516083
1359,0.12842905521392822
1360,0.04468293488025665
1361,0.05985163524746895
1362,0.21152687072753906
1363,0.2477225661277771
1364,0.0934007540345192
1365,0.1326454132795334
1366,0.1601696014404297
1367,0.1581241339445114
1368,0.19609373807907104
1369,0.11028742045164108
1370,0.2775912284851074
1371,0.12391547113656998
1372,0.13503912091255188
1373,0.24263358116149902
1374,0.04853919893503189
1375,0.1669357419013977
1376,0.1668265461921692
1377,0.26824626326560974
1378,0.1879100352525711
1379,0.058279767632484436
1380,0.11463981866836548
1381,0.15568529069423676
1382,0.09017744660377502
1383,0.24644023180007935
1384,0.20070655643939972
1385,0.3171601891517639
1386,0.12219591438770294
1387,0.10054445266723633
1388,0.2570556402206421
1389,0.1732313483953476
1390,0.2182820737361908
1391,0.13152170181274414
1392,0.09820307791233063
1393,0.22343842685222626
1394,0.04225839301943779
1395,0.2120380699634552
1396,0.2570253312587738
1397,0.27588438987731934
1398,0.050546128302812576
1399,0.2849650979042053
1400,0.30963146686553955
1401,0.13813328742980957
1402,0.22508986294269562
1403,0.1434856355190277
1404,0.05647651106119156
1405,0.19518977403640747
1406,0.3029394745826721
1407,0.24443024396896362
1408,0.3623870313167572
1409,0.30828601121902466
1410,0.1665409952402115
1411,0.2517097592353821
1412,0.08651185780763626
1413,0.10123792290687561
1414,0.13595354557037354
1415,0.2822285592556
1416,0.08661195635795593
1417,0.29960840940475464
1418,0.17207592725753784
1419,0.2547075152397156
1420,0.11464308202266693
1421,0.3341047167778015
1422,0.21208405494689941
1423,0.2144487202167511
1424,0.3299909830093384
1425,0.17294928431510925
1426,0.23526236414909363
1427,0.17272697389125824
1428,0.10691618919372559
1429,0.20546072721481323
1430,0.10675619542598724
1431,0.1378054916858673
1432,0.17934398353099823
1433,0.21545477211475372
1434,0.3753902316093445
1435,0.17770496010780334
1436,0.22482828795909882
1437,0.15023168921470642
1438,0.1010490134358406
1439,0.3108731806278229
1440,0.264837384223938
1441,0.26931095123291016
1442,0.5113351941108704
1443,0.28601330518722534
1444,0.1632070541381836
1445,0.09802954643964767
1446,0.33461296558380127
1447,0.3756375312805176
1448,0.22999273240566254
1449,0.13558673858642578
1450,0.24157892167568207
1451,0.19956685602664948
1452,0.2493816316127777
1453,0.2596992254257202
1454,0.12084197998046875
1455,0.2804877460002899
1456,0.16510233283042908
1457,0.2617666721343994
1458,0.08459928631782532
1459,0.25176775455474854
1460,0.3930513858795166
1461,0.2141510248184204
1462,0.09198255836963654
1463,0.1848272830247879
1464,0.2945845127105713
1465,0.29533934593200684
1466,0.15173760056495667
1467,0.11238238215446472
1468,0.2205335944890976
1469,0.13605907559394836
1470,0.0969356894493103
1471,0.1373877227306366
1472,0.18617913126945496
1473,0.31936579942703247
1474,0.12380810081958771
1475,0.2584927976131439
1476,0.15849673748016357
1477,0.24748170375823975
1478,0.2869194746017456
1479,0.2367161065340042
1480,0.5566916465759277
1481,0.2470405548810959
1482,0.15483927726745605
1483,0.16456730663776398
1484,0.24320918321609497
1485,0.20815148949623108
1486,0.3572293519973755
1487,0.24303178489208221
1488,0.12237598747015
1489,0.19258549809455872
1490,0.42117875814437866
1491,0.17047637701034546
1492,0.15235283970832825
1493,0.2073667049407959
1494,0.4524548053741455
1495,0.1711471825838089
1496,0.21414728462696075
1497,0.24503353238105774
1498,0.2833847105503082
1499,0.217097669839859
1500,0.3407983183860779
1501,0.35652562975883484
1502,0.3010418713092804
1503,0.19858062267303467
1504,0.34777122735977173
1505,0.20636186003684998
1506,0.32899266481399536
1507,0.1354915201663971
1508,0.5511224269866943
1509,0.20182836055755615
1510,0.27194613218307495
1511,0.2859823703765869
1512,0.4867335557937622
1513,0.0898934155702591
1514,0.35234543681144714
1515,0.350372314453125
1516,0.2138674259185791
1517,0.6054242849349976
1518,0.41156893968582153
1519,0.2239985167980194
1520,0.6718850135803223
1521,0.32205188274383545
1522,0.4613421857357025
1523,0.13198360800743103
1524,0.14313477277755737
1525,0.10391446202993393
1526,0.2932230830192566
1527,0.4848156273365021
1528,0.11750702559947968
1529,0.4583704173564911
1530,0.3577294945716858
1531,0.36534175276756287
1532,0.44551289081573486
1533,0.35203638672828674
1534,0.41697901487350464
1535,0.6321646571159363
1536,0.22223058342933655
1537,0.17284561693668365
1538,0.32899951934814453
1539,0.26088300347328186
1540,0.3120924234390259
1541,0.19810044765472412
1542,0.32318931818008423
1543,0.2862459421157837
1544,0.2635357677936554
1545,0.3788938522338867
1546,0.1709863543510437
1547,0.5538682341575623
1548,0.2800450921058655
1549,0.3147931396961212
1550,0.3237559199333191
1551,0.3447570204734802
1552,0.28894081711769104
1553,0.47484177350997925
1554,0.38328176736831665
1555,0.5274233818054199
1556,0.530215859413147
1557,0.3276902437210083
1558,0.29420000314712524
1559,0.3342301845550537
1560,0.7154740691184998
1561,0.7324471473693848
1562,0.1788693070411682
1563,0.02182953804731369
1564,0.27836155891418457
1565,0.44626545906066895
1566,0.3935668468475342
1567,0.3165445327758789
1568,0.869532585144043
1569,0.4199216961860657
1570,0.3946952819824219
1571,0.40647831559181213
1572,0.6187657117843628
1573,0.5737462043762207
1574,0.265633225440979
1575,0.36399075388908386
1576,0.41749173402786255
1577,0.3396869897842407
1578,0.2053091824054718
1579,0.40453246235847473
1580,0.6625683903694153
1581,0.12411019951105118
1582,0.35173499584198
1583,0.3806663155555725
1584,0.4124124050140381
1585,0.2406303733587265
1586,0.5613574981689453
1587,0.35637277364730835
1588,0.4691571295261383
1589,0.5398305654525757
1590,0.26367369294166565
1591,0.5294218063354492
1592,0.42787885665893555
1593,0.4392085373401642
1594,0.36272305250167847
1595,0.7113785743713379
1596,0.45551198720932007
1597,0.5184975862503052
1598,0.5396627187728882
1599,0.4352703094482422
1600,0.5949156880378723
1601,0.5233932733535767
1602,0.2832556664943695
1603,0.36549633741378784
1604,0.6083608269691467
1605,0.672319233417511
1606,0.3499874174594879
1607,0.7615236043930054
1608,0.7202980518341064
1609,0.5135506987571716
1610,0.5531671643257141
1611,0.3819783926010132
1612,0.5467338562011719
1613,0.6500597596168518
1614,0.6704063415527344
1615,0.5027748942375183
1616,0.49315693974494934
1617,0.5982087254524231
1618,0.10718879103660583
1619,0.13927921652793884
1620,0.513142466545105
1621,0.6517689228057861
1622,0.27604252099990845
1623,0.12994855642318726
1624,0.2726767063140869
1625,0.49090376496315
1626,0.3815513253211975
1627,0.3404698371887207
1628,0.5506377816200256
1629,0.45002034306526184
1630,0.4954591989517212
1631,0.4665953516960144
1632,0.4147668778896332
1633,0.420940637588501
1634,0.3303348422050476
1635,0.34166544675827026
1636,0.3028761148452759
1637,0.20421557128429413
1638,0.7541180849075317
1639,0.15145395696163177
1640,0.6310392618179321
1641,0.5854467153549194
1642,0.570225179195404
1643,0.34705182909965515
1644,0.29032838344573975
1645,0.3884933590888977
1646,0.723049521446228
1647,0.6172668933868408
1648,0.38124510645866394
1649,0.35553640127182007
1650,0.27641797065734863
1651,1.2426942586898804
1652,0.5159800052642822
1653,0.32647889852523804
1654,0.6991704106330872
1655,0.5558706521987915
1656,0.774286150932312
1657,0.7991657853126526
1658,0.1941542625427246
1659,0.9321094751358032
1660,0.3196067810058594
1661,0.8529330492019653
1662,0.6478104591369629
1663,0.46081653237342834
1664,0.8258724212646484
1665,0.13179832696914673
1666,0.4733620584011078
1667,0.4684334993362427
1668,0.8167353272438049
1669,0.7821974754333496
1670,0.8935297131538391
1671,0.5838261842727661
1672,0.40280815958976746
1673,0.6556377410888672
1674,1.0106987953186035
1675,0.41767463088035583
1676,0.3766738772392273
1677,0.4342597424983978
1678,0.6899139881134033
1679,0.5291770100593567
1680,0.7190947532653809
1681,0.7598533630371094
1682,0.7618082761764526
1683,0.6632548570632935
1684,0.2803484797477722
1685,0.35218656063079834
1686,0.9193533658981323
1687,0.8749982118606567
1688,0.7617208957672119
1689,0.26981449127197266
1690,0.2516431510448456
1691,0.567886233329773
1692,0.981275737285614
1693,0.7839632034301758
1694,0.6873994469642639
1695,0.3912299573421478
1696,0.6193579435348511
1697,0.8995547294616699
1698,0.34358030557632446
1699,0.8108805418014526
1700,0.8555822372436523
1701,0.7340047359466553
1702,0.7306331396102905
1703,0.5148503184318542
1704,0.5250179171562195
1705,0.5361064076423645
1706,0.47120413184165955
1707,0.7992714643478394
1708,1.1639115810394287
1709,0.2674623131752014
1710,0.5986822843551636
1711,0.9751593470573425
1712,0.41413575410842896
1713,0.9055843353271484
1714,0.04782035946846008
1715,0.5385761260986328
1716,0.78495192527771
1717,0.2922813296318054
1718,0.14867302775382996
1719,0.9809103012084961
1720,0.476360559463501
1721,1.0717312097549438
1722,0.9067444205284119
1723,0.2535061240196228
1724,0.6902696490287781
1725,0.6289893984794617
1726,0.9010558128356934
1727,0.22358274459838867
1728,0.7161210775375366
1729,0.9748530387878418
1730,0.9088072776794434
1731,0.6534779667854309
1732,0.9107492566108704
1733,1.0692031383514404
1734,0.8266962170600891
1735,0.6076990962028503
1736,0.7265974283218384
1737,0.9688590168952942
1738,1.1415499448776245
1739,0.8827927112579346
1740,0.43976348638534546
1741,1.1015574932098389
1742,1.3013538122177124
1743,1.152988076210022
1744,0.42393216490745544
1745,0.4853495955467224
1746,0.8404369354248047
1747,0.6682388782501221
1748,0.8217791318893433
1749,0.7585795521736145
1750,0.8941275477409363
1751,0.33276742696762085
1752,0.46288830041885376
1753,0.5001152753829956
1754,0.5068422555923462
1755,0.8677696585655212
1756,0.3765098452568054
1757,0.5172728300094604
1758,1.0426357984542847
1759,1.1173615455627441
1760,0.41143864393234253
1761,0.5780414342880249
1762,0.7913460731506348
1763,0.4322504997253418
1764,0.6139501333236694
1765,0.5723025798797607
1766,0.9908656477928162
1767,0.7973129153251648
1768,0.554250955581665
1769,0.8429778814315796
1770,0.46998846530914307
1771,0.5507428646087646
1772,0.6185547113418579
1773,0.9083327054977417
1774,0.8661738634109497
1775,0.21224084496498108
1776,0.9333834648132324
1777,1.0171403884887695
1778,0.7512585520744324
1779,0.6997103691101074
1780,0.4145337641239166
1781,0.6249035596847534
1782,1.3752415180206299
1783,1.1673943996429443
1784,0.9365115165710449
1785,0.5115240812301636
1786,1.0754053592681885
1787,0.8834086060523987
1788,0.6192883849143982
1789,0.9845753908157349
1790,0.3052205443382263
1791,0.90500807762146
1792,0.6064091920852661
1793,1.5075218677520752
1794,0.7480860948562622
1795,0.9085341691970825
1796,1.2591841220855713
1797,0.6373578310012817
1798,0.7991278767585754
1799,0.9496238231658936
1800,0.08763644099235535
1801,0.9258967638015747
1802,0.738088071346283
1803,1.3278286457061768
1804,0.9274493455886841
1805,0.37043988704681396
1806,1.1347954273223877
1807,0.5406653881072998
1808,1.3953596353530884
1809,0.6159103512763977
1810,1.584277629852295
1811,1.365555763244629
1812,0.9979605674743652
1813,0.9612927436828613
1814,0.781400203704834
1815,0.4977613091468811
1816,0.8949645757675171
1817,0.6321574449539185
1818,1.0242515802383423
1819,0.7897919416427612
1820,0.6798266768455505
1821,0.884540855884552
1822,1.062994122505188
1823,0.6383258104324341
1824,1.3875205516815186
1825,0.8233920335769653
1826,0.8234199285507202
1827,0.9196776747703552
1828,1.4620583057403564
1829,0.328891396522522
1830,0.7061920166015625
1831,1.2063875198364258
1832,1.1584467887878418
1833,0.36654049158096313
1834,0.7720064520835876
1835,0.9772879481315613
1836,0.7078887224197388
1837,0.8107898235321045
1838,1.5073354244232178
1839,0.5585599541664124
1840,1.746664047241211
1841,0.6600139141082764
1842,1.3356571197509766
1843,1.2243883609771729
1844,1.3057656288146973
1845,0.8767229318618774
1846,1.2990213632583618
1847,1.1888242959976196
1848,1.1030303239822388
1849,1.5038433074951172
1850,1.1672229766845703
1851,0.4267919659614563
1852,1.7236570119857788
1853,1.4602129459381104
1854,0.40356165170669556
1855,1.9102342128753662
1856,1.4485095739364624
1857,0.8717655539512634
1858,0.3872551918029785
1859,0.8346336483955383
1860,0.8031694889068604
1861,1.378143548965454
1862,1.257627010345459
1863,1.0267308950424194
1864,0.7401657104492188
1865,1.0883828401565552
1866,0.7626292109489441
1867,1.4296140670776367
1868,1.117817759513855
1869,1.076764464378357
1870,1.220289945602417
1871,1.3309787511825562
1872,1.7390782833099365
1873,1.562788724899292
1874,1.2926914691925049
1875,0.9474126696586609
1876,0.8864182233810425
1877,1.300797462463379
1878,0.6055075526237488
1879,1.3977701663970947
1880,1.049015760421753
1881,1.0377352237701416
1882,0.7424608469009399
1883,1.6239368915557861
1884,0.7310686111450195
1885,1.2130608558654785
1886,1.4745550155639648
1887,1.5578656196594238
1888,1.8738155364990234
1889,0.6346825361251831
1890,0.5703853964805603
1891,1.243425726890564
1892,1.1324050426483154
1893,0.7221137881278992
1894,0.6924548745155334
1895,1.1168828010559082
1896,1.3150968551635742
1897,1.085909128189087
1898,0.8455132246017456
1899,1.3845179080963135
1900,0.8399500250816345
1901,1.078597903251648
1902,1.5219318866729736
1903,1.6882925033569336
1904,1.5724884271621704
1905,1.1619911193847656
1906,2.339958667755127
1907,1.1414536237716675
1908,1.1304075717926025
1909,0.9659548997879028
1910,1.030922532081604
1911,0.678987979888916
1912,0.6321383714675903
1913,1.6791857481002808
1914,1.5433502197265625
1915,0.7367926836013794
1916,1.6415271759033203
1917,1.6152021884918213
1918,1.1067309379577637
1919,1.4334666728973389
1920,0.7227751016616821
1921,0.6681689023971558
1922,1.3675868511199951
1923,0.9042587280273438
1924,1.1149994134902954
1925,0.9349199533462524
1926,1.5105342864990234
1927,0.9805529117584229
1928,1.054483413696289
1929,1.6310687065124512
1930,1.0666435956954956
1931,1.4686319828033447
1932,1.8036696910858154
1933,1.3054025173187256
1934,0.9760993719100952
1935,0.5021458864212036
1936,1.0875808000564575
1937,1.4614741802215576
1938,1.1993529796600342
1939,1.3738207817077637
1940,1.2028539180755615
1941,1.812065601348877
1942,2.084433078765869
1943,1.9519330263137817
1944,1.5429136753082275
1945,1.7408796548843384
1946,1.2418570518493652
1947,1.795701503753662
1948,1.707242488861084
1949,1.7176895141601562
1950,1.5043835639953613
1951,2.0489253997802734
1952,1.0381736755371094
1953,1.3940587043762207
1954,1.0204070806503296
1955,0.6841858625411987
1956,1.6309581995010376
1957,1.0005567073822021
1958,0.9936611652374268
1959,2.019808292388916
1960,1.4225637912750244
1961,1.5592191219329834
1962,2.485997438430786
1963,1.7618780136108398
1964,1.692159652709961
1965,1.441884160041809
1966,1.9553604125976562
1967,1.9365533590316772
1968,1.615180492401123
1969,1.994369387626648
1970,1.2971068620681763
1971,1.278080940246582
1972,1.0788072347640991
1973,1.8656904697418213
1974,1.697760820388794
1975,2.5931591987609863
1976,1.4734725952148438
1977,0.34699657559394836
1978,0.9596667289733887
1979,1.7654756307601929
1980,1.2406542301177979
1981,1.2310113906860352
1982,1.6167323589324951
1983,0.6496533751487732
1984,1.596210241317749
1985,1.6474171876907349
1986,1.5778911113739014
1987,1.169323205947876
1988,1.6942094564437866
1989,1.977088212966919
1990,1.509709358215332
1991,1.2238986492156982
1992,2.0661048889160156
1993,1.2199065685272217
1994,1.7967647314071655
1995,1.2810734510421753
1996,0.7606118321418762
1997,1.4677023887634277
1998,2.604532241821289
