,PV
0,14558.706753605773
1,14566.915421563692
2,14596.299053136501
3,14624.01218040158
4,14648.166562032988
5,14689.820266847384
6,14728.507887566357
7,14764.527257776968
8,14784.80370468923
9,14810.346275865602
10,14838.985398654666
11,14841.881741788318
12,14875.186241411186
13,14922.129289528362
14,14977.631803382512
15,15030.171781219684
16,15084.7881632445
17,15152.180770730554
18,15211.915645258257
19,15263.867615988445
20,15311.473890592726
21,15313.117109915842
22,15343.369141725314
23,15393.803629458369
24,15426.105060568309
25,15457.594798735234
26,15478.410005184563
27,15490.895623158041
28,15500.15155585204
29,15477.540820911814
30,15449.709105221948
31,15429.59761967219
32,15364.988442005997
33,15354.676369054901
34,15290.256025519499
35,15169.87273361425
36,15113.533604817827
37,15041.959473256256
38,15002.227369809161
39,15031.968183550867
40,15061.86692176343
41,15051.12749774882
42,15065.097000830916
43,15054.349767168173
44,15014.38192962384
45,15033.59090198738
46,15009.783229191456
47,14979.92390781294
48,14932.731835048326
49,14953.008485879502
50,14992.37122313067
51,15038.304694881586
52,15109.457181223479
53,15154.995153866317
54,15198.586029119419
55,15234.396695611393
56,15248.710730559167
57,15260.226279334584
58,15241.092041787044
59,15155.068348520634
60,15095.753513895812
61,15013.87066538457
62,14944.049947693618
63,14924.868142310226
64,14909.938020632919
65,14843.447788301084
66,14806.609583847805
67,14718.924246022361
68,14630.545825983374
69,14531.904781951482
70,14377.447532116927
71,14271.705072434139
72,14127.52620033003
73,13991.701968426678
74,13858.414453051217
75,13814.216038745713
76,13856.941037041226
77,13907.781518373915
78,13949.59053382793
79,13921.90268665394
80,13919.079275176131
81,13906.206567421557
82,13922.01316307691
83,13991.13489170402
84,13995.943390580742
85,13930.34332943813
86,13871.322819775995
87,13879.085263143337
88,13877.595605534798
89,13809.250376582357
90,13735.513596404073
91,13663.534512985472
92,13551.746865461168
93,13532.795089123101
94,13562.710280482865
95,13596.376332951131
96,13591.360402061535
97,13624.750456242771
98,13623.490808391056
99,13593.65451360329
100,13505.565305290285
101,13418.840713761463
102,13410.101745419699
103,13380.156484412802
104,13312.138580498067
105,13238.097310714338
106,13230.475573254924
107,13301.151711151768
108,13390.563498340096
109,13505.413112948729
110,13591.267514445553
111,13702.372927670225
112,13751.973372126777
113,13840.328778136682
114,13902.064635781147
115,13988.241448061151
116,14107.5653568357
117,14172.068553833058
118,14194.954380649078
119,14217.661877862185
120,14274.529056275234
121,14265.588566249548
122,14225.153384228532
123,14206.718445302246
124,14168.180031089829
125,14097.785213745796
126,14030.499320646133
127,14028.046469928231
128,13984.326066249947
129,13934.055147967712
130,13940.960305987068
131,13912.095175821083
132,13833.88628477619
133,13703.744209557643
134,13628.356964378829
135,13493.784730011907
136,13384.078611711695
137,13356.821944193342
138,13254.813411132869
139,13200.550868447026
140,13155.97617541911
141,13184.892466578089
142,13101.577790071799
143,12985.465982930291
144,12803.245304359963
145,12680.919258465095
146,12524.886514551114
147,12410.2318297124
148,12395.559008480726
149,12354.493175654814
150,12367.40248763769
151,12276.438052896405
152,12220.429322471722
153,12176.081063760616
154,12167.916868633347
155,12127.087816050393
156,12126.32744811888
157,12177.000619447645
158,12281.53021708027
159,12339.987662779693
160,12372.416851296653
161,12459.196534083258
162,12489.050949272298
163,12516.955602608781
164,12568.453761884088
165,12592.635603108163
166,12553.34628065513
167,12464.564577375379
168,12297.691091601037
169,12170.9746141493
170,12103.781988705974
171,11967.711936252344
172,11889.54276733574
173,11871.049633313067
174,11853.580737112694
175,11878.933203039265
176,11963.590685524643
177,12019.808175194497
178,12007.658595106193
179,11994.880265033948
180,11969.589688165555
181,11972.460986000504
182,11994.5629162291
183,12013.498525507042
184,12071.643153643541
185,12127.392516025322
186,12138.16750706496
187,12118.131186279208
188,12094.638821272682
189,12076.019352449162
190,12099.093793739155
191,12100.71538715824
192,12160.116084137491
193,12235.192428938695
194,12321.807316503317
195,12364.74100670709
196,12397.03313741927
197,12391.386382729237
198,12456.916614891932
199,12540.05468284323
200,12630.446223170731
201,12703.05384307505
202,12761.61553354222
203,12860.197524469906
204,12938.650976319832
205,13003.359335803249
206,13057.260725744229
207,13073.263670059572
208,13142.222147772125
209,13183.426360082396
210,13252.874426153396
211,13329.692236756939
212,13384.316815068929
213,13397.652676051468
214,13408.88444612809
215,13382.62609795092
216,13311.2286521696
217,13250.476528712154
218,13211.606581519696
219,13213.89179272587
220,13141.08718270629
221,13065.553742144812
222,12984.469401321785
223,12909.108284284765
224,12845.753104890839
225,12762.562018018174
226,12680.059906576906
227,12659.561539579503
228,12677.465273308899
229,12739.763490178406
230,12804.132564251853
231,12754.636946493767
232,12728.686875782605
233,12684.515925928017
234,12637.973617865173
235,12610.588126964796
236,12564.059972228126
237,12491.304207443576
238,12401.377080074397
239,12298.600934590526
240,12198.600126413541
241,12126.101887177825
242,12126.742415257693
243,12083.597995323042
244,12022.956795740143
245,12028.623555887598
246,12089.14849419006
247,12134.441899892076
248,12158.265307466452
249,12111.280522390942
250,12050.827819485348
251,11977.117114744407
252,11911.300785229094
253,11894.818648716566
254,11827.57810266086
255,11822.507773126297
256,11834.47144659802
257,11827.97959634761
258,11812.17868887
259,11848.030071479228
260,11900.696729499723
261,11985.057622061948
262,12049.955628885584
263,12094.097638650379
264,12190.962004639758
265,12255.716162650997
266,12304.945915387467
267,12273.741175262761
268,12225.337295160725
269,12186.928681804515
270,12177.77568374857
271,12197.465056975527
272,12175.11938616122
273,12288.981425131331
274,12411.671564652332
275,12498.772217074515
276,12603.931541056303
277,12657.438868495945
278,12692.652723855652
279,12723.402255149958
280,12735.063429232792
281,12769.740138391475
282,12808.279882066763
283,12831.229972891999
284,12823.397013385375
285,12806.574150760676
286,12868.115444613193
287,12930.435288128889
288,12974.489119732643
289,12968.565885590258
290,12926.375386142048
291,12894.189223320787
292,12892.7526731943
293,12873.289435999899
294,12880.375252659027
295,12908.571868603343
296,12927.13455164869
297,12871.129492503977
298,12807.3817066583
299,12730.929270420927
300,12667.863159704662
301,12642.089350754992
302,12578.826546887076
303,12526.371835540602
304,12458.538288075302
305,12381.83349843685
306,12360.776823459933
307,12339.16835138791
308,12310.96413387444
309,12312.701303908872
310,12282.769563595783
311,12312.78148624871
312,12332.176077146562
313,12370.438317335713
314,12423.218332945016
315,12472.57854264029
316,12526.242949845517
317,12573.990793195246
318,12586.106910117753
319,12566.736756327075
320,12599.227212351996
321,12668.439405826935
322,12717.010593942794
323,12756.26520676486
324,12820.198396710184
325,12875.28780702429
326,12883.105811826736
327,12921.810228301463
328,12999.089610144423
329,13090.306692197757
330,13134.976998379261
331,13152.475126709585
332,13204.875419707121
333,13211.390792886925
334,13202.463387124946
335,13191.051385875893
336,13210.41612667212
337,13240.585462959942
338,13281.373115013614
339,13266.69027469389
340,13246.136948472613
341,13184.440563382474
342,13138.48262194509
343,13119.607951132684
344,13068.817762831623
