,Profitloss
0,-0.009225561685755057
1,0.056383222059785965
2,0.25821180525815723
3,0.44856612541930296
4,0.6144763401121356
5,0.9005848902694513
6,0.2633634722290168
7,0.5085630019462162
8,0.6465936009864448
9,0.8204729998652738
10,1.0154319732823769
11,0.01951847148469188
12,0.24395766815568098
13,0.5603071142669558
14,0.9343388446248824
15,1.2884060293121724
16,0.3633782954700404
17,0.8117604461668426
18,1.209193525423724
19,1.5548447361111828
20,1.871582796708493
21,0.010731947393560759
22,0.2083094766741178
23,0.5376996326671435
24,0.7486618910411469
25,0.9543229423019994
26,0.13466006012159415
27,0.21543341545950945
28,0.2753129297986767
29,0.1290370360737647
30,-0.051015009876775874
31,-0.13017387843865524
32,-0.5483641319001586
33,-0.6151101973494444
34,-1.032078200414499
35,-1.8112727540812723
36,-0.3713882758659026
37,-0.8432058897538064
38,-1.1051204367299006
39,-0.9090686025190253
40,-0.7119757281252137
41,-0.0713020774276929
42,0.021445409684361927
43,-0.04990851820896314
44,-0.3152663105194353
45,-0.18773250303515399
46,-0.1583631811663544
47,-0.35698054127139
48,-0.6708913897990998
49,-0.5360157572016022
50,-0.2741838535147312
51,0.3063789647900883
52,0.7809702438008159
53,1.0847112062216446
54,1.375464914253155
55,1.6143241711312317
56,0.09395865969472617
57,0.1695477952903257
58,0.0439488764105711
59,-0.5207186649774709
60,-0.9100667685483121
61,-0.5424230624583859
62,-1.0049419928759962
63,-1.1320095510852335
64,-1.2309123429436464
65,-1.6713688744485533
66,-0.24817821963381004
67,-0.8389125225802707
68,-1.4343161060296872
69,-2.0988587745439213
70,-3.1394340643111085
71,-0.7354744953620984
72,-1.7382872114720782
73,-2.6829905852798652
74,-3.610050239489815
75,-3.917465128028075
76,0.30928282991722345
77,0.677312989501333
78,0.9799650932236892
79,0.7795349921138506
80,0.759096543273241
81,-0.09248246597410859
82,0.021078175091737705
83,0.5176751644514033
84,0.5522212632389722
85,0.08092528276699706
86,-0.42368309428103545
87,-0.3679598203905843
88,-0.37865343772155446
89,-0.8692747191655692
90,-1.3985996498904307
91,-0.5240363450074725
92,-1.3378948639460764
93,-1.4758713306071258
94,-1.2580768437115308
95,-1.0129745966642845
96,-0.036891674419459175
97,0.20868886383260676
98,0.19942427876324942
99,-0.02001871146538603
100,-0.6679061055464008
101,-0.6421396629347376
102,-0.7068460868734805
103,-0.9285714299449466
104,-1.432200136905415
105,-1.9804279830565652
106,-0.05757426675845334
107,0.47631014455828957
108,1.1517228197314822
109,2.0192917151170775
110,2.6678320565401314
111,0.8174764649918176
112,1.1824199436175853
113,1.8325094655550878
114,2.286741255039404
115,2.920801413066676
116,0.8530300911490762
117,1.314154509374621
118,1.4777621143834185
119,1.6400948657690817
120,2.0466304451283612
121,-0.06263246927755706
122,-0.3459005327044129
123,-0.47504622187993784
124,-0.7450265067669881
125,-1.2381763477635754
126,-0.47727988531175436
127,-0.4946787226518867
128,-0.8048012207280797
129,-1.1613885677478009
130,-1.112408122134101
131,-0.2070526673373263
132,-0.7680534113915671
133,-1.7015764425320934
134,-2.242337218864243
135,-3.207638255616563
136,-0.8130122163295783
137,-1.0150064534077075
138,-1.7709732566544845
139,-2.1731031540223933
140,-2.5034381483904022
141,0.2197958613896489
142,-0.4134880196039692
143,-1.2960664432290714
144,-2.681145559674969
145,-3.610959085207377
146,-1.230452940624338
147,-2.13460415002642
148,-2.2503120173553492
149,-2.5741515749528765
150,-2.472350501073639
151,-0.7355177033513072
152,-1.1883915423055114
153,-1.546981462504493
154,-1.6129952850143514
155,-1.9431297059145036
156,-0.006269996086827323
157,0.4115811162115346
158,1.2735324702231487
159,1.755572730722088
160,2.022983909802023
161,0.701396370891838
162,0.942694538807265
163,1.1682337658788233
164,1.5844673918086416
165,1.7799170077948956
166,-0.3120023773524827
167,-1.0170311424017808
168,-2.3421984150349573
169,-3.3484728872388514
170,-3.8820595609193043
171,-1.1241945086304161
172,-1.770018838493126
173,-1.922806901264984
174,-2.0671328335783223
175,-1.8576737905269147
176,0.7126690674859493
177,1.185922757097324
178,1.0836443800693596
179,0.9760730194611877
180,0.7631702576044175
181,0.023988272862740523
182,0.20863896519558445
183,0.36683661249390376
184,0.8526062140533197
185,1.3183645552678147
186,0.08884837383962285
187,-0.07636703218664165
188,-0.27008027248527355
189,-0.42361260681778035
190,-0.23334548006731515
191,0.013402602266987529
192,0.5043542222138431
193,1.1248663537922754
194,1.8407454852478855
195,2.1955959470733033
196,0.26116301744341097
197,0.21549481713925012
198,0.7454714023920284
199,1.4178515833129346
200,2.1488943142400796
201,0.5748618744056522
202,1.0385168350652396
203,1.8190275880965556
204,2.4401731158452344
205,2.952493570246184
206,0.41451896043946945
207,0.5375867300986714
208,1.067899520291915
209,1.3847731161543253
210,1.918850997704391
211,0.5796313172027778
212,0.9918028699958281
213,1.09242904778728
214,1.1771787384238896
215,0.9790455083575678
216,-0.5335084852460481
217,-0.9874711306400608
218,-1.277921950292027
219,-1.26084599532289
220,-1.8048693393713955
221,-0.5747883680497945
222,-1.1918175353909377
223,-1.7652945695909361
224,-2.2474097744676014
225,-2.880470690326564
226,-0.6464384762619901
227,-0.8070517368946373
228,-0.6667685108141752
229,-0.17863598082877852
230,0.325722579643406
231,-0.38655971038814574
232,-0.5892292046388747
233,-0.9342033731968402
234,-1.2976977983700566
235,-1.5115778934327695
236,-0.3689610212324723
237,-0.9459029057190427
238,-1.6590110214054987
239,-2.4740098497639362
240,-3.2670006854820244
241,-0.5943160566328931
242,-0.5890652239698757
243,-0.9427485932708479
244,-1.439864647198974
245,-1.3934104632046584
246,0.5031742661265381
247,0.8797211377745917
248,1.077777112040379
249,0.6871689526179114
250,0.18459521569185178
251,-0.6116650726828543
252,-1.1578211583991638
253,-1.2945929782228416
254,-1.852567476431033
255,-1.8946420094881233
256,0.10119404191821779
257,0.04628310106720157
258,-0.08736796333326247
259,0.2158788883264373
260,0.6613567770380913
261,0.7088735599245055
262,1.2542030334734555
263,1.6251225751451104
264,2.4390611889177682
265,2.983181919687472
266,0.4016880946255519
267,0.14707433145926263
268,-0.24787509017915044
269,-0.5612685536575235
270,-0.6359520559063525
271,0.16168283714761422
272,-0.021812666420650828
273,0.9131859895495253
274,1.9206781844068432
275,2.6359208911551857
276,0.8413572321778195
277,1.2694579008702744
278,1.551196416847067
279,1.797216831974735
280,1.8905153886673798
281,0.2722931797817685
282,0.5749202054691427
283,0.755132035215933
284,0.6936250034673241
285,0.561526229729914
286,0.4805445478864634
287,0.9671683926560037
288,1.3111622749007568
289,1.2649107631954815
290,0.935466690553266
291,-0.24899603995538477
292,-0.2601093651031894
293,-0.4106793169496026
294,-0.3558625841265317
295,-0.13773016028756357
296,0.14380121390884515
297,-0.29005823789411966
298,-0.783898970196395
299,-1.3761599655689571
300,-1.8647199035560336
301,-0.203458220417585
302,-0.70285423591252
303,-1.1169312644150775
304,-1.6524086895349788
305,-2.2579156220888685
306,-0.17006104127934574
307,-0.344578588093003
308,-0.5723656724293424
309,-0.558335682164568
310,-0.8000748423371506
311,0.24434165680253805
312,0.40224245268927206
313,0.713753956597607
314,1.1434617300441818
315,1.5453272005287122
316,0.43025912422007817
317,0.813081675198557
318,0.9102237126777046
319,0.7549217939569086
320,1.0154168945798014
321,0.5493368149364297
322,0.9348460790938429
323,1.2464097342328007
324,1.7538471259693766
325,2.1910914853702224
326,0.0607210100435962
327,0.361331117210395
328,0.9615459085317912
329,1.670012262220344
330,2.016958341026709
331,0.13321780717607812
332,0.5321548818584487
333,0.5817581143620743
334,0.5137914497605367
335,0.42690891277199494
336,0.14680210265090032
337,0.37551272931197754
338,0.6847197125956939
339,0.5734106145548479
340,0.41759796839015983
341,-0.46576889043301595
342,-0.8127224333124294
343,-0.9552143227276377
344,-1.3386482891635576
