,Jc
0,0.024779731407761574
1,0.09947579354047775
2,0.17870880663394928
3,0.2648002505302429
4,0.36305713653564453
5,0.4628203511238098
6,0.5761396884918213
7,0.6925951838493347
8,0.8069953918457031
9,0.9401149153709412
10,1.0799262523651123
11,1.2197895050048828
12,1.3650931119918823
13,1.519594430923462
14,1.6850082874298096
15,1.8590211868286133
16,2.012742519378662
17,2.1887059211730957
18,2.3588709831237793
19,2.5617899894714355
20,2.7343945503234863
21,2.9313695430755615
22,3.109194755554199
23,3.286057472229004
24,3.4866249561309814
25,3.69362473487854
26,3.7976760864257812
27,4.026835918426514
28,4.231911659240723
29,4.34011173248291
30,4.567742347717285
31,4.646739959716797
32,4.757823467254639
33,4.900018692016602
34,5.036925315856934
35,5.1030120849609375
36,5.162768363952637
37,5.165058135986328
38,5.215505123138428
39,5.321846008300781
40,5.369082450866699
41,5.270947456359863
42,5.263528823852539
43,5.286567687988281
44,5.308680057525635
45,5.216709613800049
46,5.204697608947754
47,5.116887092590332
48,5.088076591491699
49,5.067516803741455
50,4.996686935424805
51,4.941204071044922
52,4.957634449005127
53,4.895831108093262
54,4.846282958984375
55,4.75350284576416
56,4.740955352783203
57,4.658561706542969
58,4.663175582885742
59,4.593830108642578
60,4.573465347290039
61,4.483898162841797
62,4.426959991455078
63,4.406270980834961
64,4.429757118225098
65,4.3794989585876465
66,4.3537797927856445
67,4.30098819732666
68,4.256516933441162
69,4.229602336883545
70,4.219862937927246
71,4.213050842285156
72,4.1664581298828125
73,4.128995418548584
74,4.1356201171875
75,4.105705738067627
76,4.06132173538208
77,4.086582183837891
78,4.035379886627197
79,4.020208358764648
80,4.025826454162598
81,3.9522666931152344
82,3.98134183883667
83,3.9498705863952637
84,3.9423093795776367
85,3.88120174407959
86,3.936876058578491
87,3.8687286376953125
88,3.8776562213897705
89,3.853306531906128
90,3.8170695304870605
91,3.8135929107666016
92,3.780864953994751
93,3.7612922191619873
94,3.728701591491699
95,3.712602376937866
96,3.686591386795044
97,3.7051713466644287
98,3.677300214767456
99,3.6197657585144043
100,3.6111226081848145
101,3.624635934829712
102,3.5911896228790283
103,3.577838897705078
104,3.565960168838501
105,3.5258984565734863
106,3.5251359939575195
107,3.548600196838379
108,3.4793128967285156
109,3.470871925354004
110,3.4674253463745117
111,3.4454362392425537
112,3.4545602798461914
113,3.425609827041626
114,3.412259101867676
115,3.4154067039489746
116,3.371274948120117
117,3.3701908588409424
118,3.342437744140625
119,3.3441619873046875
120,3.3245906829833984
121,3.331831932067871
122,3.3125200271606445
123,3.290163278579712
124,3.2917702198028564
125,3.282442092895508
126,3.257823944091797
127,3.2576749324798584
128,3.233247995376587
129,3.2232038974761963
130,3.2236082553863525
131,3.216845750808716
132,3.1800971031188965
133,3.1783018112182617
134,3.15694522857666
135,3.17120361328125
136,3.14703369140625
137,3.151423931121826
138,3.15224289894104
139,3.135774850845337
140,3.141286849975586
141,3.1277916431427
142,3.1012492179870605
143,3.1074931621551514
144,3.0951035022735596
145,3.090686798095703
146,3.0762221813201904
147,3.0708775520324707
148,3.0531110763549805
149,3.0608718395233154
150,3.0402989387512207
151,3.0264899730682373
152,3.0237481594085693
153,3.0106611251831055
154,2.9965944290161133
155,2.9944393634796143
156,2.9770255088806152
157,2.971266269683838
158,2.959594964981079
159,2.9415862560272217
160,2.9205031394958496
161,2.931649684906006
162,2.9256277084350586
163,2.9148545265197754
164,2.8947107791900635
165,2.8897690773010254
166,2.8814468383789062
167,2.880141258239746
168,2.853550910949707
169,2.8560309410095215
170,2.8529810905456543
171,2.8433308601379395
172,2.8418984413146973
173,2.8253886699676514
174,2.822077989578247
175,2.815732479095459
176,2.799942970275879
177,2.77921462059021
178,2.7755279541015625
179,2.7885079383850098
180,2.764404773712158
181,2.736715078353882
182,2.7540667057037354
183,2.758211135864258
184,2.755446434020996
185,2.7461953163146973
186,2.7225494384765625
187,2.724954128265381
188,2.726059913635254
189,2.7260537147521973
190,2.7065329551696777
191,2.7229928970336914
192,2.7169485092163086
193,2.6991920471191406
194,2.6919116973876953
195,2.6850526332855225
196,2.6914725303649902
197,2.679623603820801
198,2.6845664978027344
199,2.6788463592529297
200,2.6692752838134766
201,2.6723272800445557
202,2.664621591567993
203,2.6460301876068115
204,2.6345322132110596
205,2.6467795372009277
206,2.6410727500915527
207,2.6405372619628906
208,2.635852336883545
209,2.617852210998535
210,2.625025987625122
211,2.6078109741210938
212,2.5864953994750977
213,2.589613914489746
214,2.589313507080078
215,2.5981428623199463
216,2.596191883087158
217,2.566437244415283
218,2.55757212638855
219,2.560225486755371
220,2.5580227375030518
221,2.571463108062744
222,2.571350574493408
223,2.5607872009277344
224,2.5383782386779785
225,2.5397400856018066
226,2.5267016887664795
227,2.5166683197021484
228,2.515646457672119
229,2.523715019226074
230,2.5348448753356934
231,2.51413631439209
232,2.50966739654541
233,2.517401933670044
234,2.4954328536987305
235,2.4951157569885254
236,2.499980926513672
237,2.4975290298461914
238,2.5013577938079834
239,2.484436511993408
240,2.4853086471557617
241,2.4880921840667725
242,2.473219633102417
243,2.479802131652832
244,2.4586172103881836
245,2.4610891342163086
246,2.4518206119537354
247,2.447439193725586
248,2.4722304344177246
249,2.453665256500244
250,2.456608295440674
251,2.4380557537078857
252,2.44986891746521
253,2.4447994232177734
254,2.4519100189208984
255,2.441131114959717
256,2.4410347938537598
257,2.431425094604492
258,2.429619312286377
259,2.440183162689209
260,2.427722454071045
261,2.4089956283569336
262,2.436671257019043
263,2.430741548538208
264,2.4228577613830566
265,2.4143753051757812
266,2.4194202423095703
267,2.409331798553467
268,2.394537925720215
269,2.3873469829559326
270,2.3964710235595703
271,2.397399663925171
272,2.3906726837158203
273,2.392571449279785
274,2.394259214401245
275,2.377501964569092
276,2.3848893642425537
277,2.391559600830078
278,2.368109703063965
279,2.362428903579712
280,2.3518075942993164
281,2.3746936321258545
282,2.3707022666931152
283,2.3619801998138428
284,2.3566441535949707
285,2.3611249923706055
286,2.340120315551758
287,2.3436832427978516
288,2.3477659225463867
289,2.342294692993164
290,2.338843822479248
291,2.347553014755249
292,2.3559372425079346
293,2.33626651763916
294,2.347616672515869
295,2.3315272331237793
296,2.345886707305908
297,2.333343505859375
298,2.332587242126465
299,2.3246560096740723
300,2.331660509109497
301,2.3229780197143555
302,2.317640542984009
303,2.330104351043701
304,2.3096113204956055
305,2.3075754642486572
306,2.3078958988189697
307,2.308440685272217
308,2.296527147293091
309,2.3092312812805176
310,2.297243118286133
311,2.3006250858306885
312,2.303140163421631
313,2.294543504714966
314,2.2979636192321777
315,2.2989296913146973
316,2.2834062576293945
317,2.30169939994812
318,2.2945055961608887
319,2.284252405166626
320,2.28855037689209
321,2.2922263145446777
322,2.2844018936157227
323,2.288053512573242
324,2.283623456954956
325,2.2798120975494385
326,2.2811007499694824
327,2.2650911808013916
328,2.2666945457458496
329,2.2838258743286133
330,2.2621045112609863
331,2.277287721633911
332,2.256437301635742
333,2.26582670211792
334,2.273177146911621
335,2.2730793952941895
336,2.254788875579834
337,2.247208595275879
338,2.2648565769195557
339,2.2569661140441895
340,2.2558963298797607
341,2.2541279792785645
342,2.2653942108154297
343,2.249880313873291
344,2.2496345043182373
345,2.2371318340301514
346,2.2484283447265625
347,2.2496211528778076
348,2.2381293773651123
349,2.2481226921081543
350,2.2348899841308594
351,2.234579086303711
352,2.229886054992676
353,2.2465381622314453
354,2.217817783355713
355,2.2317843437194824
356,2.2334840297698975
357,2.2316925525665283
358,2.2235825061798096
359,2.2381796836853027
360,2.2244510650634766
361,2.2168502807617188
362,2.2180252075195312
363,2.219989538192749
364,2.2248482704162598
365,2.2077717781066895
366,2.218207836151123
367,2.2227823734283447
368,2.223438262939453
369,2.2204999923706055
370,2.222977638244629
371,2.2132558822631836
372,2.225912570953369
373,2.205749988555908
374,2.1979126930236816
375,2.223562002182007
376,2.225633382797241
377,2.2209835052490234
378,2.2199459075927734
379,2.211418628692627
380,2.2181355953216553
381,2.2024037837982178
382,2.207651376724243
383,2.2124271392822266
384,2.1907975673675537
385,2.188361406326294
386,2.211481809616089
387,2.2110166549682617
388,2.223402500152588
389,2.199479103088379
390,2.204214572906494
391,2.1877708435058594
392,2.202244758605957
393,2.2027482986450195
394,2.2067711353302
395,2.209628105163574
396,2.193669319152832
397,2.198591709136963
398,2.207197666168213
399,2.2021872997283936
400,2.1904449462890625
401,2.179046869277954
402,2.1961281299591064
403,2.1922407150268555
404,2.1906533241271973
405,2.1919713020324707
406,2.1776347160339355
407,2.1648614406585693
408,2.1868538856506348
409,2.187955856323242
410,2.182460069656372
411,2.1866447925567627
412,2.180180072784424
413,2.1777396202087402
414,2.184413433074951
415,2.1799850463867188
416,2.184933662414551
417,2.1632461547851562
418,2.167243719100952
419,2.173551559448242
420,2.161827325820923
421,2.184401512145996
422,2.17561936378479
423,2.1718034744262695
424,2.168999671936035
425,2.1783089637756348
426,2.1659598350524902
427,2.1734414100646973
428,2.166635751724243
429,2.1652162075042725
430,2.168994426727295
431,2.168430805206299
432,2.1635873317718506
433,2.1532740592956543
434,2.1631758213043213
435,2.174055576324463
436,2.16923189163208
437,2.167872190475464
438,2.1766629219055176
439,2.158048629760742
440,2.1626362800598145
441,2.173825979232788
442,2.1606228351593018
443,2.157510757446289
444,2.163367509841919
445,2.159116268157959
446,2.1702463626861572
447,2.1707077026367188
448,2.1606974601745605
449,2.154669761657715
450,2.1596736907958984
451,2.1445059776306152
452,2.165738105773926
453,2.1622185707092285
454,2.1510777473449707
455,2.1606392860412598
456,2.164459228515625
457,2.1508073806762695
458,2.1599414348602295
459,2.139176368713379
460,2.1447412967681885
461,2.1416196823120117
462,2.141759157180786
463,2.151167631149292
464,2.149871587753296
465,2.1501781940460205
466,2.145691156387329
467,2.150975465774536
468,2.147158622741699
469,2.1408491134643555
470,2.1499972343444824
471,2.1381258964538574
472,2.138692855834961
473,2.1427807807922363
474,2.1553850173950195
475,2.1433582305908203
476,2.1330158710479736
477,2.140122175216675
478,2.1409335136413574
479,2.1395959854125977
480,2.1443591117858887
481,2.140833616256714
482,2.144108772277832
483,2.1447982788085938
484,2.1371989250183105
485,2.139383554458618
486,2.1366257667541504
487,2.1455981731414795
488,2.1439905166625977
489,2.1366074085235596
490,2.1375861167907715
491,2.1337242126464844
492,2.1376914978027344
493,2.1387696266174316
494,2.1394472122192383
495,2.133031129837036
496,2.148862361907959
497,2.1303765773773193
498,2.1398377418518066
499,2.1516470909118652
500,2.1295888423919678
501,2.1448161602020264
502,2.146282434463501
503,2.1340856552124023
504,2.130995750427246
505,2.141000986099243
506,2.1324727535247803
507,2.137877941131592
508,2.144824743270874
509,2.146341323852539
510,2.1426539421081543
511,2.151348114013672
512,2.133939266204834
513,2.1298766136169434
514,2.1400411128997803
515,2.1285383701324463
516,2.1333062648773193
517,2.1428444385528564
518,2.132133722305298
519,2.13639235496521
520,2.13706636428833
521,2.1399388313293457
522,2.1336379051208496
523,2.1256327629089355
524,2.124891757965088
525,2.1342129707336426
526,2.1325297355651855
527,2.131174087524414
528,2.1297311782836914
529,2.1332311630249023
530,2.127483367919922
531,2.1236672401428223
532,2.1350111961364746
533,2.125715494155884
534,2.1102962493896484
535,2.123440980911255
536,2.1220695972442627
537,2.124056100845337
538,2.127779483795166
539,2.132434129714966
540,2.1190030574798584
541,2.1167399883270264
542,2.1270341873168945
543,2.123440742492676
544,2.1255240440368652
545,2.125594139099121
546,2.1223843097686768
547,2.1218481063842773
548,2.118849754333496
549,2.1185364723205566
550,2.1237993240356445
551,2.1164605617523193
552,2.1276683807373047
553,2.1208982467651367
554,2.116978406906128
555,2.123422622680664
556,2.1246790885925293
557,2.1256041526794434
558,2.1133885383605957
559,2.1211633682250977
560,2.121572494506836
561,2.1187031269073486
562,2.12416934967041
563,2.119987726211548
564,2.109434127807617
565,2.1088154315948486
566,2.1166296005249023
567,2.111231803894043
568,2.117253303527832
569,2.1252291202545166
570,2.122974157333374
571,2.1065139770507812
572,2.1231400966644287
573,2.1136586666107178
574,2.097011089324951
575,2.1122474670410156
576,2.1125364303588867
577,2.110715389251709
578,2.1124324798583984
579,2.118300676345825
580,2.1231842041015625
581,2.1207082271575928
582,2.1134419441223145
583,2.105499744415283
584,2.112215518951416
585,2.1133766174316406
586,2.1177496910095215
587,2.1135261058807373
588,2.110020399093628
589,2.121387481689453
590,2.1238625049591064
591,2.113644599914551
592,2.112320899963379
593,2.121345043182373
594,2.1159472465515137
595,2.112093210220337
596,2.1151514053344727
597,2.111318826675415
598,2.116858959197998
599,2.11856746673584
600,2.107919216156006
601,2.1239326000213623
602,2.109182357788086
603,2.1059155464172363
604,2.1224842071533203
605,2.117612361907959
606,2.1143510341644287
607,2.123522996902466
608,2.121744155883789
609,2.1078014373779297
610,2.0995430946350098
611,2.107006311416626
612,2.1163055896759033
613,2.1158242225646973
614,2.1130034923553467
615,2.1270296573638916
616,2.112063407897949
617,2.1103782653808594
618,2.115868330001831
619,2.1189606189727783
620,2.1106667518615723
621,2.1105899810791016
622,2.1160788536071777
623,2.118497371673584
624,2.1142868995666504
625,2.1190438270568848
626,2.114677667617798
627,2.1147773265838623
628,2.1257574558258057
629,2.1294238567352295
630,2.127511501312256
631,2.1224162578582764
632,2.1299796104431152
633,2.1236963272094727
634,2.116941452026367
635,2.120849609375
636,2.115628719329834
637,2.1313772201538086
638,2.1305863857269287
639,2.130075216293335
640,2.116757869720459
641,2.122950553894043
642,2.1178791522979736
643,2.1209402084350586
644,2.1302433013916016
645,2.121530532836914
646,2.11256742477417
647,2.1187028884887695
648,2.127927541732788
649,2.122771739959717
650,2.1234071254730225
651,2.116164445877075
652,2.131239175796509
653,2.134385824203491
654,2.1313581466674805
655,2.112359046936035
656,2.1204609870910645
657,2.1325623989105225
658,2.1184568405151367
659,2.131154775619507
660,2.1284680366516113
661,2.1293857097625732
662,2.140171527862549
663,2.1364707946777344
664,2.1366517543792725
665,2.1374640464782715
666,2.139495372772217
667,2.128176689147949
668,2.1385645866394043
669,2.1354997158050537
670,2.13411021232605
671,2.1263298988342285
672,2.125040054321289
673,2.129668951034546
674,2.1332411766052246
675,2.1456046104431152
676,2.128962993621826
677,2.133747100830078
678,2.1274638175964355
679,2.1313586235046387
680,2.1271538734436035
681,2.1389102935791016
682,2.130481243133545
683,2.135510206222534
684,2.133688449859619
685,2.1386938095092773
686,2.152462959289551
687,2.1459503173828125
688,2.146470308303833
689,2.153517007827759
690,2.147353410720825
691,2.149724006652832
692,2.1392645835876465
693,2.147399425506592
694,2.144490957260132
695,2.1309757232666016
696,2.1423377990722656
697,2.155832529067993
698,2.147580146789551
699,2.1496124267578125
700,2.1566076278686523
701,2.142488718032837
702,2.1444413661956787
703,2.147045850753784
704,2.143878936767578
705,2.15045166015625
706,2.147284507751465
707,2.149746894836426
708,2.154141426086426
709,2.153881788253784
710,2.1578822135925293
711,2.1622748374938965
712,2.1611273288726807
713,2.1618216037750244
714,2.1566860675811768
715,2.1498546600341797
716,2.163405656814575
717,2.164583206176758
718,2.1490893363952637
719,2.161249876022339
720,2.1633753776550293
721,2.1772899627685547
722,2.1600522994995117
723,2.166405439376831
724,2.169520139694214
725,2.163252353668213
726,2.156433582305908
727,2.161501169204712
728,2.1657702922821045
729,2.1728339195251465
730,2.161271095275879
731,2.1646430492401123
732,2.1646511554718018
733,2.166602611541748
734,2.1732826232910156
735,2.1591684818267822
736,2.1777420043945312
737,2.1710081100463867
738,2.1763265132904053
739,2.17559814453125
740,2.1734619140625
741,2.175140380859375
742,2.1795389652252197
743,2.179222822189331
744,2.183448314666748
745,2.1669161319732666
746,2.170652151107788
747,2.169494152069092
748,2.1671078205108643
749,2.178990602493286
750,2.180549383163452
751,2.1753134727478027
752,2.1774797439575195
753,2.1749267578125
754,2.1812777519226074
755,2.175297260284424
756,2.1792144775390625
757,2.1683871746063232
758,2.1663074493408203
759,2.1725668907165527
760,2.171381950378418
761,2.1801111698150635
762,2.1653027534484863
763,2.1735310554504395
764,2.177412986755371
765,2.1808359622955322
766,2.178072690963745
767,2.1895132064819336
768,2.192193031311035
769,2.1754231452941895
770,2.187474012374878
771,2.182126045227051
772,2.192188262939453
773,2.192624092102051
774,2.187251567840576
775,2.194190502166748
776,2.1956710815429688
777,2.198512554168701
778,2.2001240253448486
779,2.2048656940460205
780,2.2034807205200195
781,2.206340789794922
782,2.1942877769470215
783,2.209439754486084
784,2.206475257873535
785,2.2056884765625
786,2.2189512252807617
787,2.200808048248291
788,2.2008090019226074
789,2.2028861045837402
790,2.2054026126861572
791,2.2170662879943848
792,2.218384027481079
793,2.2148830890655518
794,2.209134578704834
795,2.2102222442626953
796,2.2053747177124023
797,2.2145133018493652
798,2.2097573280334473
799,2.2162721157073975
800,2.21773624420166
801,2.2241523265838623
802,2.2222230434417725
803,2.2263078689575195
804,2.214576244354248
805,2.2293362617492676
806,2.219897508621216
807,2.2148656845092773
808,2.222736358642578
809,2.2192471027374268
810,2.2196426391601562
811,2.2241666316986084
812,2.2289340496063232
813,2.222489356994629
814,2.2365498542785645
815,2.2320072650909424
816,2.234283924102783
817,2.2312896251678467
818,2.229710102081299
819,2.2312135696411133
820,2.2232446670532227
821,2.2271242141723633
822,2.228773355484009
823,2.239778518676758
824,2.2431626319885254
825,2.245241403579712
826,2.2462351322174072
827,2.241764545440674
828,2.2301177978515625
829,2.2293920516967773
830,2.236274003982544
831,2.236206531524658
832,2.240187644958496
833,2.2494404315948486
834,2.243497371673584
835,2.2505643367767334
836,2.2333202362060547
837,2.2235794067382812
838,2.2406210899353027
839,2.2325189113616943
840,2.2456202507019043
841,2.2432289123535156
842,2.252446174621582
843,2.247544288635254
844,2.2581634521484375
845,2.2631468772888184
846,2.253976821899414
847,2.252004384994507
848,2.253436803817749
849,2.2582716941833496
850,2.259561538696289
851,2.256648540496826
852,2.2522027492523193
853,2.2614378929138184
854,2.2639477252960205
855,2.260159492492676
856,2.262019395828247
857,2.254427909851074
858,2.2609033584594727
859,2.2644617557525635
860,2.2688474655151367
861,2.2664072513580322
862,2.28065824508667
863,2.271146774291992
864,2.269343614578247
865,2.2734780311584473
866,2.269493579864502
867,2.273400068283081
868,2.263248920440674
869,2.2696447372436523
870,2.268512487411499
871,2.2649264335632324
872,2.2740249633789062
873,2.270996332168579
874,2.2790307998657227
875,2.275674819946289
876,2.27327823638916
877,2.2741754055023193
878,2.279081106185913
879,2.277371406555176
880,2.272521495819092
881,2.2736706733703613
882,2.2769603729248047
883,2.2704901695251465
884,2.2719526290893555
885,2.284511089324951
886,2.273606300354004
887,2.2689900398254395
888,2.2707295417785645
889,2.266021251678467
890,2.2723095417022705
891,2.274226188659668
892,2.279141902923584
893,2.2836451530456543
894,2.275994300842285
895,2.279906749725342
896,2.2794065475463867
897,2.279630184173584
898,2.278928518295288
899,2.2851076126098633
900,2.28365159034729
901,2.2905187606811523
902,2.2861037254333496
903,2.2953388690948486
904,2.2916207313537598
905,2.3060302734375
906,2.298340320587158
907,2.3014025688171387
908,2.3084354400634766
909,2.2928614616394043
910,2.290228843688965
911,2.290170669555664
912,2.2913858890533447
913,2.2945425510406494
914,2.293705463409424
915,2.3068785667419434
916,2.297048568725586
917,2.302992820739746
918,2.293745994567871
919,2.297010898590088
920,2.305624485015869
921,2.306830883026123
922,2.3043434619903564
923,2.3109688758850098
924,2.3020145893096924
925,2.314809560775757
926,2.308783531188965
927,2.3020529747009277
928,2.3114686012268066
929,2.3116836547851562
930,2.318833351135254
931,2.323129653930664
932,2.3168787956237793
933,2.315768241882324
934,2.3106584548950195
935,2.3195443153381348
936,2.3178277015686035
937,2.320962429046631
938,2.317652940750122
939,2.333742618560791
940,2.332357406616211
941,2.322364330291748
942,2.3183443546295166
943,2.3154051303863525
944,2.3211653232574463
945,2.315098285675049
946,2.3088912963867188
947,2.3147201538085938
948,2.325407028198242
949,2.3107800483703613
950,2.320169687271118
951,2.3014278411865234
952,2.3101272583007812
953,2.305708885192871
954,2.3107733726501465
955,2.3147339820861816
956,2.3187897205352783
957,2.3160836696624756
958,2.309462547302246
959,2.3156590461730957
960,2.3171472549438477
961,2.314037561416626
962,2.3174781799316406
963,2.312973976135254
964,2.3209762573242188
965,2.3238964080810547
966,2.319148302078247
967,2.319326877593994
968,2.324215888977051
969,2.3221940994262695
970,2.328561305999756
971,2.323399543762207
972,2.325709104537964
973,2.315007209777832
974,2.3296689987182617
975,2.3298816680908203
976,2.332955837249756
977,2.3314194679260254
978,2.3233723640441895
979,2.330293655395508
980,2.323338747024536
981,2.337113857269287
982,2.326948404312134
983,2.3183956146240234
984,2.315807342529297
985,2.3273653984069824
986,2.3268797397613525
987,2.3266284465789795
988,2.320101499557495
989,2.3215909004211426
990,2.3280887603759766
991,2.333003520965576
992,2.331900119781494
993,2.319322109222412
994,2.338949203491211
995,2.326775074005127
996,2.328754425048828
997,2.3365302085876465
998,2.3192520141601562
999,2.3211183547973633
1000,2.335341215133667
1001,2.3335094451904297
1002,2.3365540504455566
1003,2.331939220428467
1004,2.3198423385620117
1005,2.328700304031372
1006,2.3242177963256836
1007,2.3391008377075195
1008,2.3344264030456543
1009,2.337852716445923
1010,2.3374485969543457
1011,2.32863712310791
1012,2.321040391921997
1013,2.3334546089172363
1014,2.3224105834960938
1015,2.3266515731811523
1016,2.3241381645202637
1017,2.323455333709717
1018,2.332664966583252
1019,2.3273301124572754
1020,2.3404462337493896
1021,2.33819317817688
1022,2.3306403160095215
1023,2.326876640319824
1024,2.3248696327209473
1025,2.3270087242126465
1026,2.331714630126953
1027,2.335453510284424
1028,2.3335373401641846
1029,2.3361172676086426
1030,2.341846466064453
1031,2.335674524307251
1032,2.328456401824951
1033,2.333299160003662
1034,2.3346900939941406
1035,2.3317861557006836
1036,2.3328099250793457
1037,2.3355205059051514
1038,2.3384058475494385
1039,2.3482260704040527
1040,2.3291375637054443
1041,2.3234522342681885
1042,2.3377227783203125
1043,2.3429226875305176
1044,2.3351643085479736
1045,2.3392772674560547
1046,2.3422350883483887
1047,2.338374137878418
1048,2.3330869674682617
1049,2.3320164680480957
1050,2.3344621658325195
1051,2.321532726287842
1052,2.321157455444336
1053,2.325517177581787
1054,2.3303017616271973
1055,2.3373045921325684
1056,2.336048126220703
1057,2.329219341278076
1058,2.3315675258636475
1059,2.3260257244110107
1060,2.3196043968200684
1061,2.3303189277648926
1062,2.332642078399658
1063,2.3289108276367188
1064,2.3330304622650146
1065,2.339554786682129
1066,2.3300552368164062
1067,2.3352322578430176
1068,2.3262059688568115
1069,2.328662872314453
1070,2.334461212158203
1071,2.3214573860168457
1072,2.32283353805542
1073,2.331857681274414
1074,2.3256826400756836
1075,2.31935453414917
1076,2.326916217803955
1077,2.3249213695526123
1078,2.315469741821289
1079,2.331998348236084
1080,2.33866024017334
1081,2.3354876041412354
1082,2.337996006011963
1083,2.336646556854248
1084,2.345325469970703
1085,2.3320560455322266
1086,2.3486392498016357
1087,2.3359756469726562
1088,2.348578691482544
1089,2.342967987060547
1090,2.3482778072357178
1091,2.344895839691162
1092,2.333691120147705
1093,2.34698224067688
1094,2.335470676422119
1095,2.3459675312042236
1096,2.343580961227417
1097,2.3468451499938965
1098,2.3521575927734375
1099,2.3439080715179443
1100,2.3486595153808594
1101,2.3386876583099365
1102,2.33899188041687
1103,2.3419480323791504
1104,2.3338613510131836
1105,2.3319947719573975
1106,2.3379244804382324
1107,2.3436527252197266
1108,2.3472745418548584
1109,2.34720516204834
1110,2.352313995361328
1111,2.3498637676239014
1112,2.353516101837158
1113,2.342735528945923
1114,2.3427257537841797
1115,2.333482503890991
1116,2.3490896224975586
1117,2.3325259685516357
1118,2.336874485015869
1119,2.3474879264831543
1120,2.347944736480713
1121,2.354963541030884
1122,2.3531155586242676
1123,2.3688457012176514
1124,2.350762367248535
1125,2.3645310401916504
1126,2.360586643218994
1127,2.365780830383301
1128,2.3579366207122803
1129,2.35434627532959
1130,2.3491806983947754
1131,2.3468194007873535
1132,2.3598532676696777
1133,2.357973575592041
1134,2.3589563369750977
1135,2.3663673400878906
1136,2.364138126373291
1137,2.3468527793884277
1138,2.346914768218994
1139,2.349571704864502
1140,2.3540358543395996
1141,2.3453421592712402
1142,2.347500801086426
1143,2.3482980728149414
1144,2.3552966117858887
1145,2.3538801670074463
1146,2.3600380420684814
1147,2.345798969268799
1148,2.3553755283355713
1149,2.353968858718872
1150,2.3550362586975098
1151,2.3578882217407227
1152,2.343994140625
1153,2.3492588996887207
1154,2.3532090187072754
1155,2.352179765701294
1156,2.361114025115967
1157,2.356872081756592
1158,2.3579726219177246
1159,2.346665382385254
1160,2.3484649658203125
1161,2.3517894744873047
1162,2.345404624938965
1163,2.345529079437256
1164,2.342478036880493
1165,2.3499691486358643
1166,2.3499605655670166
1167,2.373915195465088
1168,2.3532347679138184
1169,2.361936330795288
1170,2.35274076461792
1171,2.3470985889434814
1172,2.3484339714050293
1173,2.3540263175964355
1174,2.3516993522644043
1175,2.355769157409668
1176,2.3602161407470703
1177,2.3701961040496826
1178,2.3554739952087402
1179,2.356548547744751
1180,2.360842704772949
1181,2.361489772796631
1182,2.3528823852539062
1183,2.3560023307800293
1184,2.357693672180176
1185,2.3559188842773438
1186,2.3690261840820312
1187,2.356780529022217
1188,2.3551645278930664
1189,2.3455450534820557
1190,2.355811595916748
1191,2.3602399826049805
1192,2.353355884552002
1193,2.3665478229522705
1194,2.3653202056884766
1195,2.353508949279785
1196,2.3587536811828613
1197,2.3578481674194336
1198,2.349569797515869
1199,2.351882219314575
1200,2.35310435295105
1201,2.353506088256836
1202,2.358980894088745
1203,2.3587255477905273
1204,2.3528051376342773
1205,2.360854387283325
1206,2.35141658782959
1207,2.355417490005493
1208,2.3478050231933594
1209,2.3600375652313232
1210,2.3591465950012207
1211,2.3617353439331055
1212,2.3645360469818115
1213,2.3579185009002686
1214,2.3664093017578125
1215,2.360112428665161
1216,2.361927032470703
1217,2.3504576683044434
1218,2.3553385734558105
1219,2.3488380908966064
1220,2.353008508682251
1221,2.3605926036834717
1222,2.364002227783203
1223,2.3598175048828125
1224,2.357025146484375
1225,2.3628787994384766
1226,2.358978748321533
1227,2.367945671081543
1228,2.3638768196105957
1229,2.3641462326049805
1230,2.3526341915130615
1231,2.371157646179199
1232,2.3600668907165527
1233,2.3666634559631348
1234,2.3711671829223633
1235,2.3678975105285645
1236,2.3720664978027344
1237,2.3711748123168945
1238,2.387004852294922
1239,2.3681952953338623
1240,2.3672518730163574
1241,2.367330551147461
1242,2.374959945678711
1243,2.3560781478881836
1244,2.37886381149292
1245,2.361013412475586
1246,2.3551483154296875
1247,2.3692245483398438
1248,2.3522346019744873
1249,2.3506522178649902
1250,2.3439183235168457
1251,2.3507425785064697
1252,2.3551697731018066
1253,2.354379892349243
1254,2.355428695678711
1255,2.371497631072998
1256,2.3516793251037598
1257,2.3610382080078125
1258,2.3550877571105957
1259,2.360614776611328
1260,2.3596174716949463
1261,2.353011131286621
1262,2.365006685256958
1263,2.356639862060547
1264,2.369816780090332
1265,2.360168933868408
1266,2.357497215270996
1267,2.3667922019958496
1268,2.360247850418091
1269,2.3556880950927734
1270,2.3685836791992188
1271,2.376575469970703
1272,2.3642430305480957
1273,2.3726582527160645
1274,2.3608150482177734
1275,2.3828608989715576
1276,2.3747928142547607
1277,2.3626813888549805
1278,2.369863986968994
1279,2.3741674423217773
1280,2.3578991889953613
1281,2.3643321990966797
1282,2.3658499717712402
1283,2.3587563037872314
1284,2.372652530670166
1285,2.3686673641204834
1286,2.3595833778381348
1287,2.364699363708496
1288,2.3677937984466553
1289,2.3732454776763916
1290,2.358034610748291
1291,2.3602232933044434
1292,2.373136043548584
1293,2.36096453666687
1294,2.3569579124450684
1295,2.3665411472320557
1296,2.35463809967041
1297,2.36568021774292
1298,2.368610382080078
1299,2.3749213218688965
1300,2.361980676651001
1301,2.372220039367676
1302,2.367438316345215
1303,2.358029365539551
1304,2.3734185695648193
1305,2.370880603790283
1306,2.3642871379852295
1307,2.376499891281128
1308,2.379805564880371
1309,2.3836660385131836
1310,2.3914270401000977
1311,2.3789751529693604
1312,2.3853249549865723
1313,2.3800652027130127
1314,2.3856332302093506
1315,2.3839452266693115
1316,2.384207248687744
1317,2.368873357772827
1318,2.372605562210083
1319,2.3750665187835693
1320,2.382695198059082
1321,2.3767573833465576
1322,2.364438056945801
1323,2.3776931762695312
1324,2.379546642303467
1325,2.3613076210021973
1326,2.3816609382629395
1327,2.368893623352051
1328,2.373826026916504
1329,2.3754024505615234
1330,2.370377540588379
1331,2.3754048347473145
1332,2.380119800567627
1333,2.385767698287964
1334,2.3736987113952637
1335,2.357592821121216
1336,2.3817081451416016
1337,2.383450746536255
1338,2.3745174407958984
1339,2.3668909072875977
1340,2.3725533485412598
1341,2.369748592376709
1342,2.371157646179199
1343,2.384216785430908
1344,2.386869430541992
1345,2.3918614387512207
1346,2.3987693786621094
1347,2.3948941230773926
1348,2.3958687782287598
1349,2.3907182216644287
1350,2.3992323875427246
1351,2.396730899810791
1352,2.3833656311035156
1353,2.3904314041137695
1354,2.386272430419922
1355,2.389207363128662
1356,2.39046573638916
1357,2.3843252658843994
1358,2.382582902908325
1359,2.3742170333862305
1360,2.3872690200805664
1361,2.383225679397583
1362,2.3942465782165527
1363,2.3951010704040527
1364,2.3896803855895996
1365,2.393127202987671
1366,2.402029037475586
1367,2.4029324054718018
1368,2.3956241607666016
1369,2.4023728370666504
1370,2.3968446254730225
1371,2.3960413932800293
1372,2.395627021789551
1373,2.4069409370422363
1374,2.406020164489746
1375,2.407086133956909
1376,2.4058055877685547
1377,2.402040481567383
1378,2.415450096130371
1379,2.4142649173736572
1380,2.4074110984802246
1381,2.407421588897705
1382,2.404357671737671
1383,2.409982204437256
1384,2.4289824962615967
1385,2.4100539684295654
1386,2.4282407760620117
1387,2.4167063236236572
1388,2.4051270484924316
1389,2.4005181789398193
1390,2.4000375270843506
1391,2.406637668609619
1392,2.4028542041778564
1393,2.414469003677368
1394,2.4080653190612793
1395,2.4053895473480225
1396,2.4134693145751953
1397,2.4218263626098633
1398,2.4124374389648438
1399,2.4167699813842773
1400,2.423593282699585
1401,2.428489923477173
1402,2.4288113117218018
1403,2.4170403480529785
1404,2.4182076454162598
1405,2.418928384780884
1406,2.4158549308776855
1407,2.4201221466064453
1408,2.4258389472961426
1409,2.4305806159973145
1410,2.426250457763672
1411,2.4348838329315186
1412,2.4197402000427246
1413,2.4227218627929688
1414,2.414930820465088
1415,2.4172730445861816
1416,2.431319236755371
1417,2.4183764457702637
1418,2.430377960205078
1419,2.4203715324401855
1420,2.4130616188049316
1421,2.413769483566284
1422,2.4254965782165527
1423,2.4158401489257812
1424,2.420625925064087
1425,2.415924310684204
1426,2.4139842987060547
1427,2.427302598953247
1428,2.4183361530303955
1429,2.4119760990142822
1430,2.425861120223999
1431,2.4261388778686523
1432,2.4278130531311035
1433,2.4250621795654297
1434,2.4297900199890137
1435,2.436506748199463
1436,2.430126190185547
1437,2.4361002445220947
1438,2.4319443702697754
1439,2.4350051879882812
1440,2.4350852966308594
1441,2.4264774322509766
1442,2.4257824420928955
1443,2.4320361614227295
1444,2.4419822692871094
1445,2.435271739959717
1446,2.444106101989746
1447,2.4386205673217773
1448,2.4306769371032715
1449,2.4296045303344727
1450,2.4315876960754395
1451,2.4291324615478516
1452,2.4364564418792725
1453,2.4422669410705566
1454,2.444535970687866
1455,2.440305709838867
1456,2.4532222747802734
1457,2.4479706287384033
1458,2.445322036743164
1459,2.4365592002868652
1460,2.442692756652832
1461,2.443812370300293
1462,2.448324203491211
1463,2.444845199584961
1464,2.4332261085510254
1465,2.4357190132141113
1466,2.4521384239196777
1467,2.441390037536621
1468,2.4609193801879883
1469,2.4592318534851074
1470,2.454113483428955
1471,2.4705123901367188
1472,2.466912269592285
1473,2.4756669998168945
1474,2.4542245864868164
1475,2.4640145301818848
1476,2.4603495597839355
1477,2.4714698791503906
1478,2.4708006381988525
1479,2.456308126449585
1480,2.467470169067383
1481,2.4559578895568848
1482,2.465230941772461
1483,2.453240394592285
1484,2.462862253189087
1485,2.457951307296753
1486,2.448474884033203
1487,2.455000877380371
1488,2.4583115577697754
1489,2.4626927375793457
1490,2.4599733352661133
1491,2.445861577987671
1492,2.4508118629455566
1493,2.462162971496582
1494,2.449282169342041
1495,2.449662208557129
1496,2.4468164443969727
1497,2.460914134979248
1498,2.4523282051086426
1499,2.4565274715423584
1500,2.4477922916412354
1501,2.456329822540283
1502,2.4498672485351562
1503,2.459623098373413
1504,2.471571445465088
1505,2.4746007919311523
1506,2.4681272506713867
1507,2.4614017009735107
1508,2.4655377864837646
1509,2.468205451965332
1510,2.466318130493164
1511,2.4700706005096436
1512,2.477855682373047
1513,2.476003646850586
1514,2.4739670753479004
1515,2.4743733406066895
1516,2.4678468704223633
1517,2.4657466411590576
1518,2.47540283203125
1519,2.4732818603515625
1520,2.4623234272003174
1521,2.462186336517334
1522,2.464737892150879
1523,2.475034713745117
1524,2.463620662689209
1525,2.457976818084717
1526,2.467473030090332
1527,2.4746973514556885
1528,2.4784998893737793
1529,2.4680371284484863
1530,2.471513271331787
1531,2.4671342372894287
1532,2.4781932830810547
1533,2.485058307647705
1534,2.483950138092041
1535,2.4798130989074707
1536,2.478146553039551
1537,2.4763827323913574
1538,2.4699559211730957
1539,2.4715805053710938
1540,2.472431182861328
1541,2.4777135848999023
1542,2.4755606651306152
1543,2.4644267559051514
1544,2.4707815647125244
1545,2.474404811859131
1546,2.482672691345215
1547,2.474055767059326
1548,2.4748117923736572
1549,2.48305082321167
1550,2.4720277786254883
1551,2.472076416015625
1552,2.4744982719421387
1553,2.457153081893921
1554,2.4760656356811523
1555,2.468371868133545
1556,2.468409299850464
1557,2.471327304840088
1558,2.473562240600586
1559,2.4629673957824707
1560,2.465214729309082
1561,2.4720816612243652
1562,2.4796805381774902
1563,2.474961042404175
1564,2.481062412261963
1565,2.4742431640625
1566,2.470931053161621
1567,2.4787755012512207
1568,2.476640224456787
1569,2.4843013286590576
1570,2.479924201965332
1571,2.480264186859131
1572,2.4801502227783203
1573,2.482003688812256
1574,2.4927914142608643
1575,2.47946834564209
1576,2.4726781845092773
1577,2.476632595062256
1578,2.476844310760498
1579,2.4765701293945312
1580,2.4700751304626465
1581,2.4769206047058105
1582,2.4796061515808105
1583,2.466031551361084
1584,2.4636662006378174
1585,2.4720957279205322
1586,2.4635109901428223
1587,2.4672343730926514
1588,2.462108850479126
1589,2.4731452465057373
1590,2.4907846450805664
1591,2.474362373352051
1592,2.4859750270843506
1593,2.471628427505493
1594,2.47166109085083
1595,2.4797732830047607
1596,2.4722959995269775
1597,2.473424196243286
1598,2.4839372634887695
1599,2.4750542640686035
1600,2.4835128784179688
1601,2.485569953918457
1602,2.4859471321105957
1603,2.4923737049102783
1604,2.4726243019104004
1605,2.489015579223633
1606,2.4967784881591797
1607,2.485337734222412
1608,2.489067554473877
1609,2.472562789916992
1610,2.4900851249694824
1611,2.479860305786133
1612,2.4852399826049805
1613,2.4837403297424316
1614,2.483189105987549
1615,2.482652187347412
1616,2.477926254272461
1617,2.4784579277038574
1618,2.477297306060791
1619,2.470034122467041
1620,2.47552490234375
1621,2.473034381866455
1622,2.473843574523926
1623,2.4743237495422363
1624,2.4739420413970947
1625,2.4739017486572266
1626,2.4851861000061035
1627,2.487442970275879
1628,2.4789340496063232
1629,2.4673380851745605
1630,2.47505784034729
1631,2.472679853439331
1632,2.475764751434326
1633,2.465573310852051
1634,2.4798953533172607
1635,2.499574661254883
1636,2.499519109725952
1637,2.486835479736328
1638,2.4779858589172363
1639,2.486326217651367
1640,2.484964609146118
1641,2.475937843322754
1642,2.4807474613189697
1643,2.4716944694519043
1644,2.4810471534729004
1645,2.478440523147583
1646,2.4897027015686035
1647,2.489288806915283
1648,2.490520477294922
1649,2.485647201538086
1650,2.4822616577148438
1651,2.473629951477051
1652,2.4823811054229736
1653,2.4852068424224854
1654,2.4680020809173584
1655,2.4880573749542236
1656,2.4779675006866455
1657,2.4679148197174072
1658,2.486537456512451
1659,2.474393367767334
1660,2.475978374481201
1661,2.4853813648223877
1662,2.493136167526245
1663,2.493952751159668
1664,2.489748239517212
1665,2.492067575454712
1666,2.4931411743164062
1667,2.502739429473877
1668,2.5039761066436768
1669,2.4873242378234863
1670,2.5033247470855713
1671,2.5004279613494873
1672,2.485522985458374
1673,2.5000574588775635
1674,2.4976844787597656
1675,2.4950942993164062
1676,2.4976930618286133
1677,2.4871809482574463
1678,2.495249032974243
1679,2.4847633838653564
1680,2.480731964111328
1681,2.4873409271240234
1682,2.4869225025177
1683,2.500856876373291
1684,2.487118721008301
1685,2.4947314262390137
1686,2.49595046043396
1687,2.4814653396606445
1688,2.48294734954834
1689,2.480311632156372
1690,2.488893747329712
1691,2.487903594970703
1692,2.4766287803649902
1693,2.498239040374756
1694,2.4983863830566406
1695,2.480515480041504
1696,2.4882216453552246
1697,2.4704041481018066
1698,2.475911855697632
1699,2.480419158935547
1700,2.470630168914795
1701,2.4841370582580566
1702,2.480900287628174
1703,2.4868876934051514
1704,2.488471508026123
1705,2.4865055084228516
1706,2.4792914390563965
1707,2.492006540298462
1708,2.482503890991211
1709,2.475505828857422
1710,2.485917568206787
1711,2.4835073947906494
1712,2.4798974990844727
1713,2.482476234436035
1714,2.4938695430755615
1715,2.487740993499756
1716,2.470233917236328
1717,2.488739013671875
1718,2.484091281890869
1719,2.491091012954712
1720,2.485292911529541
1721,2.4851789474487305
1722,2.4819154739379883
1723,2.470473289489746
1724,2.4723806381225586
1725,2.4683260917663574
1726,2.474930763244629
1727,2.4721126556396484
1728,2.4670886993408203
1729,2.4720044136047363
1730,2.4742703437805176
1731,2.4694228172302246
1732,2.4876766204833984
1733,2.479391574859619
1734,2.4791905879974365
1735,2.4683916568756104
1736,2.467996120452881
1737,2.476619005203247
1738,2.4678173065185547
1739,2.4626426696777344
1740,2.4629569053649902
1741,2.467616081237793
1742,2.483786106109619
1743,2.467362403869629
1744,2.485879421234131
1745,2.475454807281494
1746,2.476548194885254
1747,2.4953980445861816
1748,2.485464096069336
1749,2.4875922203063965
1750,2.4962997436523438
1751,2.4828271865844727
1752,2.470521926879883
1753,2.484063148498535
1754,2.4844062328338623
1755,2.4800772666931152
1756,2.4653427600860596
1757,2.474970817565918
1758,2.4572839736938477
1759,2.4597787857055664
1760,2.4611825942993164
1761,2.4518113136291504
1762,2.4672060012817383
1763,2.4831910133361816
1764,2.47835636138916
1765,2.482330322265625
1766,2.4860806465148926
1767,2.481935977935791
1768,2.474806785583496
1769,2.481980800628662
1770,2.481877565383911
1771,2.477175712585449
1772,2.491804361343384
1773,2.4851090908050537
1774,2.472069025039673
1775,2.4730067253112793
1776,2.4712400436401367
1777,2.485074520111084
1778,2.490832805633545
1779,2.490112066268921
1780,2.4945192337036133
1781,2.469994068145752
1782,2.4800875186920166
1783,2.486841917037964
1784,2.4803168773651123
1785,2.5005266666412354
1786,2.478693962097168
1787,2.490940570831299
1788,2.487936019897461
1789,2.4935660362243652
1790,2.497410774230957
1791,2.4857077598571777
1792,2.4931468963623047
1793,2.477308750152588
1794,2.4703240394592285
1795,2.472931146621704
1796,2.4672412872314453
1797,2.4773569107055664
1798,2.4722743034362793
1799,2.473008155822754
1800,2.476712942123413
1801,2.4750165939331055
1802,2.477787733078003
1803,2.4709272384643555
1804,2.4746406078338623
1805,2.4764864444732666
1806,2.470402240753174
1807,2.4741222858428955
1808,2.472564697265625
1809,2.4778385162353516
1810,2.4776692390441895
1811,2.481719970703125
1812,2.4770383834838867
1813,2.4739580154418945
1814,2.4863462448120117
1815,2.4957492351531982
1816,2.4822423458099365
1817,2.494083881378174
1818,2.4819037914276123
1819,2.4944705963134766
1820,2.4814207553863525
1821,2.4876513481140137
1822,2.4838101863861084
1823,2.4836859703063965
1824,2.483393669128418
1825,2.4940061569213867
1826,2.4759602546691895
1827,2.476881504058838
1828,2.4815075397491455
1829,2.4791054725646973
1830,2.483646869659424
1831,2.4711666107177734
1832,2.491455554962158
1833,2.500124454498291
1834,2.498654365539551
1835,2.503331184387207
1836,2.499274253845215
1837,2.5111820697784424
1838,2.513195753097534
1839,2.5094785690307617
1840,2.494401216506958
1841,2.5020151138305664
1842,2.5080971717834473
1843,2.5036895275115967
1844,2.490208148956299
1845,2.4964475631713867
1846,2.5010440349578857
1847,2.502025842666626
1848,2.5098605155944824
1849,2.492826461791992
1850,2.497068166732788
1851,2.498793601989746
1852,2.4928219318389893
1853,2.505260705947876
1854,2.51007080078125
1855,2.4941558837890625
1856,2.504751682281494
1857,2.5102620124816895
1858,2.4976940155029297
1859,2.50545597076416
1860,2.510964870452881
1861,2.5096311569213867
1862,2.4976658821105957
1863,2.493511915206909
1864,2.5006494522094727
1865,2.502708911895752
1866,2.5052490234375
1867,2.501755714416504
1868,2.500821113586426
1869,2.5024771690368652
1870,2.515662670135498
1871,2.5152740478515625
1872,2.5092310905456543
1873,2.5110864639282227
1874,2.5160751342773438
1875,2.4878010749816895
1876,2.497119426727295
1877,2.5094621181488037
1878,2.5024826526641846
1879,2.4992902278900146
1880,2.4966368675231934
1881,2.490807056427002
1882,2.4977269172668457
1883,2.500683069229126
1884,2.511873245239258
1885,2.5221450328826904
1886,2.521172046661377
1887,2.5094523429870605
1888,2.517071008682251
1889,2.5224807262420654
1890,2.5056285858154297
1891,2.5093882083892822
1892,2.5162465572357178
1893,2.5326948165893555
1894,2.5170116424560547
1895,2.507150173187256
1896,2.498048782348633
1897,2.5256974697113037
1898,2.5242700576782227
1899,2.518775463104248
1900,2.51924204826355
1901,2.5115480422973633
1902,2.527714729309082
1903,2.5168256759643555
1904,2.5175371170043945
1905,2.500725269317627
1906,2.491788387298584
1907,2.50496768951416
1908,2.5053343772888184
1909,2.5006580352783203
1910,2.5034008026123047
1911,2.5114002227783203
1912,2.515235185623169
1913,2.5143489837646484
1914,2.518771171569824
1915,2.5256097316741943
1916,2.525087594985962
1917,2.5208988189697266
1918,2.5091261863708496
1919,2.52646541595459
1920,2.5136656761169434
1921,2.519822597503662
1922,2.517655611038208
1923,2.528426170349121
1924,2.530365467071533
1925,2.530592679977417
1926,2.5226924419403076
1927,2.520378589630127
1928,2.5398671627044678
1929,2.5301613807678223
1930,2.530939817428589
1931,2.523193120956421
1932,2.5232865810394287
1933,2.525861978530884
1934,2.5184435844421387
1935,2.520040512084961
1936,2.5196237564086914
1937,2.521043539047241
1938,2.535019874572754
1939,2.545661211013794
1940,2.53568696975708
1941,2.529099941253662
1942,2.5338187217712402
1943,2.549038887023926
1944,2.5357797145843506
1945,2.550581455230713
1946,2.542482852935791
1947,2.54286789894104
1948,2.5375282764434814
1949,2.5359575748443604
1950,2.534156322479248
1951,2.540666103363037
1952,2.556851863861084
1953,2.550863265991211
1954,2.5467536449432373
1955,2.5412111282348633
1956,2.5331029891967773
1957,2.522432565689087
1958,2.5397586822509766
1959,2.5513205528259277
1960,2.5477380752563477
1961,2.537543773651123
1962,2.536167621612549
1963,2.5494930744171143
1964,2.5561187267303467
1965,2.555919885635376
1966,2.555082082748413
1967,2.5477352142333984
1968,2.541987895965576
1969,2.5438244342803955
1970,2.5367512702941895
1971,2.543921947479248
1972,2.530270576477051
1973,2.5282068252563477
1974,2.5203824043273926
1975,2.529921531677246
1976,2.530726909637451
1977,2.5381991863250732
1978,2.530247211456299
1979,2.5453219413757324
1980,2.5319857597351074
1981,2.540177822113037
1982,2.5367445945739746
1983,2.5366415977478027
1984,2.5330636501312256
1985,2.533564567565918
1986,2.535327434539795
1987,2.5338315963745117
1988,2.5464460849761963
1989,2.5338339805603027
1990,2.534578323364258
1991,2.5403800010681152
1992,2.541107177734375
1993,2.536557197570801
1994,2.5454583168029785
1995,2.5334343910217285
1996,2.548086643218994
1997,2.546902894973755
1998,2.5440187454223633
