,Jr
0,0.10646732151508331
1,0.08903086930513382
2,0.07371165603399277
3,0.05718865990638733
4,0.04716446250677109
5,0.04033772274851799
6,0.030856825411319733
7,0.030367344617843628
8,0.02291264198720455
9,0.020664136856794357
10,0.013167464174330235
11,0.012638343498110771
12,0.00776455644518137
13,0.00768120214343071
14,0.0023610363714396954
15,0.006915353238582611
16,0.0083015076816082
17,0.005137015599757433
18,0.004062646068632603
19,0.0024695333559066057
20,0.007528197951614857
21,-0.0027863390278071165
22,-0.0005688723176717758
23,0.0008987911278381944
24,0.001076951390132308
25,0.0019386595813557506
26,0.006061882246285677
27,-0.0010802107863128185
28,-0.006534862797707319
29,-0.003760556224733591
30,-0.005682278424501419
31,-0.002961126621812582
32,-0.0019288707990199327
33,-0.0007180101238191128
34,-0.010976959019899368
35,-0.0028997750487178564
36,-0.00700157368555665
37,-0.00710871210321784
38,-0.00392435397952795
39,-0.00965498574078083
40,-0.012636726722121239
41,-0.002885842230170965
42,-0.011320039629936218
43,0.0009452300146222115
44,-0.011932916939258575
45,-0.014138379134237766
46,-0.011640256270766258
47,-0.004044990986585617
48,-0.005703633651137352
49,-0.00393618643283844
50,-0.004700112156569958
51,-0.0062773264944553375
52,-0.013940300792455673
53,-0.006552239414304495
54,-0.0074370489455759525
55,-0.005702755879610777
56,-0.006509426515549421
57,-0.009311644360423088
58,-0.01903982274234295
59,-0.00364340515807271
60,-0.010596043430268764
61,0.001885508536361158
62,-0.013204043731093407
63,-0.003948953002691269
64,-0.014972483739256859
65,-0.006502845324575901
66,-0.009036197327077389
67,-0.007593588903546333
68,0.004953367635607719
69,0.003342850599437952
70,0.0024373175110667944
71,-0.004453487694263458
72,0.009699547663331032
73,0.0017631424125283957
74,-0.010950667783617973
75,-0.0028851106762886047
76,0.0045294067822396755
77,0.0055724261328577995
78,-0.009476419538259506
79,-0.00029873638413846493
80,-0.011884121224284172
81,0.0011634188704192638
82,-0.01616603508591652
83,-0.005836346186697483
84,0.0053971027955412865
85,-0.00016681337729096413
86,-0.005125417374074459
87,0.0006684272084385157
88,-0.004125836305320263
89,0.00033897790126502514
90,0.010024698451161385
91,-0.003503600601106882
92,-0.0010101059451699257
93,-0.0017127705505117774
94,0.01192953810095787
95,-0.0025538585614413023
96,-0.004422829486429691
97,0.0017063559498637915
98,-0.013845429755747318
99,-0.004373334348201752
100,0.006974217016249895
101,0.0016510854475200176
102,0.005261884070932865
103,0.004823565017431974
104,-0.004235883709043264
105,0.00724294688552618
106,0.005242344923317432
107,-0.0030160180758684874
108,-0.0026016104966402054
109,0.002635569777339697
110,-0.014838584698736668
111,0.006149186287075281
112,0.0041486588306725025
113,-0.0028018103912472725
114,0.004517816007137299
115,0.0011929742759093642
116,0.0004335949197411537
117,0.009953593835234642
118,-0.006666216067969799
119,-0.00405561737716198
120,0.003957455512136221
121,0.003365985583513975
122,0.007371028885245323
123,-0.0019589299336075783
124,0.0004887168761342764
125,-0.012874221429228783
126,0.011930465698242188
127,0.001727633411064744
128,0.000432840664871037
129,-0.005475935991853476
130,-0.005231248214840889
131,0.014166503213346004
132,0.006294619757682085
133,-0.0010731848888099194
134,0.005480910185724497
135,0.002359714824706316
136,0.01163305900990963
137,0.005146053619682789
138,0.0022630845196545124
139,0.006171386688947678
140,-0.004700233228504658
141,0.007157144136726856
142,-0.0021588231902569532
143,0.008115030825138092
144,0.0014030596939846873
145,0.004272686317563057
146,0.0001681790454313159
147,0.00965292938053608
148,0.01639220304787159
149,0.010084899142384529
150,0.013292467221617699
151,0.007168660406023264
152,0.0050967964343726635
153,0.008349355310201645
154,0.011789651587605476
155,0.010877267457544804
156,0.005897792987525463
157,0.012615448795258999
158,0.012289851903915405
159,0.013269859366118908
160,0.0019810330122709274
161,0.0075091589242219925
162,0.0036913887597620487
163,0.0012999840546399355
164,-0.001992136938497424
165,-0.0015734510961920023
166,0.004741293378174305
167,0.0160868838429451
168,0.016860872507095337
169,0.014360077679157257
170,-0.003599576186388731
171,0.010427789762616158
172,0.0024309037253260612
173,-0.0039275530725717545
174,0.020878884941339493
175,0.0016688983887434006
176,0.0142149543389678
177,0.013569574803113937
178,0.012986309826374054
179,0.0028328148182481527
180,0.00901856366544962
181,0.002033962868154049
182,0.016602588817477226
183,0.0032567318994551897
184,0.010267462581396103
185,0.01037246361374855
186,0.020022232085466385
187,0.012439524754881859
188,0.0026055986527353525
189,0.017230167984962463
190,0.012255894020199776
191,0.00967363640666008
192,0.016181811690330505
193,-0.0008143223822116852
194,0.0058042933233082294
195,0.01437292993068695
196,0.005804676562547684
197,0.004836084321141243
198,0.012493394315242767
199,0.014030378311872482
200,0.004620741121470928
201,0.017214972525835037
202,-0.0003083131741732359
203,0.01995093934237957
204,0.01637117937207222
205,0.024926990270614624
206,0.011320726945996284
207,0.008662024512887001
208,0.00517567852512002
209,0.012447300367057323
210,0.0037018011789768934
211,0.0032498883083462715
212,-0.00017266510985791683
213,0.022172478958964348
214,0.005912540014833212
215,0.017132675275206566
216,0.011523585766553879
217,0.014337820932269096
218,-0.002460290677845478
219,0.019945388659834862
220,0.0002576913684606552
221,0.002578234765678644
222,0.008635458536446095
223,0.002910628216341138
224,0.006265616975724697
225,0.005140080116689205
226,0.0131778409704566
227,0.009624340571463108
228,-0.003259242745116353
229,0.025839056819677353
230,0.021678030490875244
231,0.00158697459846735
232,0.009926335886120796
233,0.006634129211306572
234,0.008506130427122116
235,0.014094126410782337
236,-0.00669090636074543
237,-0.005185289308428764
238,0.015272876247763634
239,0.017191082239151
240,0.0005223420448601246
241,0.010918190702795982
242,0.006660837680101395
243,0.005477867089211941
244,0.01870241016149521
245,0.01173034030944109
246,0.005604160018265247
247,0.009954937733709812
248,0.008841858245432377
249,0.013984154909849167
250,0.023562025278806686
251,0.00704413466155529
252,0.02619769051671028
253,0.009600445628166199
254,0.014278160408139229
255,0.006934234872460365
256,0.01526615396142006
257,0.00044688163325190544
258,0.02048887126147747
259,0.013066382147371769
260,0.003942408598959446
261,0.009474053978919983
262,0.019115854054689407
263,0.022865403443574905
264,0.030238419771194458
265,0.007624582853168249
266,0.0023960978724062443
267,0.011896902695298195
268,0.003787168301641941
269,-0.005214733071625233
270,0.014589830301702023
271,0.009749552235007286
272,-0.0010473132133483887
273,0.023029208183288574
274,0.03123413771390915
275,0.004704081919044256
276,0.01226547546684742
277,0.015433566644787788
278,0.00590679282322526
279,0.01140770222991705
280,0.015533450990915298
281,0.016199352219700813
282,0.017422018572688103
283,0.015865787863731384
284,0.02408992312848568
285,0.014581069350242615
286,0.014257046394050121
287,0.019662773236632347
288,0.01884455233812332
289,0.023029005154967308
290,0.0027237439062446356
291,0.005648576654493809
292,0.016871333122253418
293,0.009684283286333084
294,0.017451250925660133
295,0.02377289906144142
296,0.01108488067984581
297,0.02081436477601528
298,0.04425148293375969
299,0.006454944610595703
300,0.027471382170915604
301,0.014853693544864655
302,0.003993939608335495
303,0.022000469267368317
304,0.01702115684747696
305,0.015270622447133064
306,0.00287277577444911
307,0.002679708879441023
308,0.02478153444826603
309,0.0048715947195887566
310,0.016496291384100914
311,0.008217794820666313
312,0.0011738389730453491
313,0.00810896698385477
314,0.018898621201515198
315,0.02292005717754364
316,0.012638515792787075
317,0.014803132973611355
318,0.019079778343439102
319,0.012856260873377323
320,0.0007651215419173241
321,0.007498853839933872
322,0.014063438400626183
323,0.011605484411120415
324,0.017712032422423363
325,0.03394382447004318
326,-0.0031078560277819633
327,0.020437322556972504
328,0.007712661288678646
329,0.015924684703350067
330,0.03412845730781555
331,0.026227619498968124
332,0.0008425230626016855
333,0.005225067958235741
334,0.022168206050992012
335,0.02494431845843792
336,0.020626448094844818
337,0.02254582569003105
338,0.021008741110563278
339,0.015969641506671906
340,0.020025309175252914
341,0.01291614305227995
342,0.006259846035391092
343,0.0029109464958310127
344,0.014508498832583427
345,0.015875568613409996
346,0.011256859637796879
347,0.014406583271920681
348,0.026372496038675308
349,0.004330553114414215
350,0.009471019729971886
351,0.02655014954507351
352,0.02795904129743576
353,0.02389112301170826
354,0.015219266526401043
355,0.008064819499850273
356,0.00405687652528286
357,0.007839435711503029
358,-0.0055871326476335526
359,0.015421113930642605
360,0.022510595619678497
361,0.030988331884145737
362,-0.0005263369530439377
363,0.01992987096309662
364,0.026750044897198677
365,0.016347359865903854
366,0.024799009785056114
367,0.023494884371757507
368,0.004906259477138519
369,0.01910935714840889
370,0.013925791718065739
371,0.02763199433684349
372,0.019371140748262405
373,0.02928038127720356
374,0.015064509585499763
375,0.020040661096572876
376,0.003689739154651761
377,0.011883111670613289
378,0.0063971346244215965
379,0.01595497503876686
380,0.0339336171746254
381,0.01383819617331028
382,0.011970317922532558
383,0.01839369907975197
384,0.019100386649370193
385,0.016358697786927223
386,0.012508761137723923
387,0.004007486626505852
388,0.005597674287855625
389,0.016559073701500893
390,0.02480848878622055
391,0.011327195912599564
392,0.018478717654943466
393,0.014082049950957298
394,0.012962833046913147
395,0.013421563431620598
396,0.013387573882937431
397,0.009807873517274857
398,0.027676083147525787
399,0.025542940944433212
400,0.03228114917874336
401,0.026131337508559227
402,0.0070051285438239574
403,0.03187590464949608
404,0.02675243467092514
405,0.010541965253651142
406,0.01970905065536499
407,0.02822771668434143
408,0.002012933138757944
409,0.018865520134568214
410,0.018276434391736984
411,0.020186759531497955
412,0.0034813391976058483
413,0.017434140667319298
414,0.010963603854179382
415,0.030407793819904327
416,0.014664608985185623
417,0.02357383817434311
418,0.023443318903446198
419,0.021745072677731514
420,0.014880849048495293
421,0.02750188484787941
422,0.025237582623958588
423,0.024151213467121124
424,0.0234675370156765
425,0.01656108722090721
426,-0.010370539501309395
427,0.01851867511868477
428,0.0029256241396069527
429,0.027187226340174675
430,0.04376911371946335
431,0.04137689247727394
432,0.023610366508364677
433,0.019908782094717026
434,0.03736472874879837
435,0.014151768758893013
436,0.01228728424757719
437,-0.006604568101465702
438,0.008803227916359901
439,0.0381658673286438
440,0.025104600936174393
441,0.03857477381825447
442,0.00373979564756155
443,0.010214822366833687
444,0.0050521898083388805
445,0.014714669436216354
446,0.03688640519976616
447,0.02056361362338066
448,0.004337712656706572
449,0.012675883248448372
450,0.018664419651031494
451,0.03842375427484512
452,0.03754277527332306
453,0.03899872675538063
454,0.011602034792304039
455,0.032630804926157
456,0.02755863219499588
457,0.04202965274453163
458,0.04040515422821045
459,0.009609516710042953
460,0.02613161876797676
461,0.01535048894584179
462,0.05408402159810066
463,0.03032570146024227
464,0.036885038018226624
465,0.01907314732670784
466,0.04914817959070206
467,0.012935720384120941
468,0.027354948222637177
469,0.038557492196559906
470,0.01790599152445793
471,0.022362496703863144
472,0.01742050237953663
473,0.022015683352947235
474,-0.0036986765917390585
475,0.0332089364528656
476,0.007857335731387138
477,0.03728684410452843
478,0.04706320911645889
479,0.01902712881565094
480,0.03672679513692856
481,0.04922015219926834
482,0.0038500772789120674
483,-0.008703174069523811
484,0.027419138699769974
485,0.0365249328315258
486,0.017360012978315353
487,0.00773656414821744
488,0.05504397675395012
489,0.016871728003025055
490,0.020575204864144325
491,0.0543709397315979
492,0.009810174815356731
493,0.0348481759428978
494,0.02689235471189022
495,0.033320438116788864
496,0.01455751433968544
497,0.02680228278040886
498,0.03853553161025047
499,0.02645069733262062
500,0.048511844128370285
501,0.033655017614364624
502,0.005668633617460728
503,0.03725821152329445
504,0.026894764974713326
505,0.00615208363160491
506,0.00453817518427968
507,0.03634350001811981
508,0.04220890253782272
509,0.02425617352128029
510,0.020072590559720993
511,0.022529859095811844
512,0.02546546421945095
513,0.016695844009518623
514,0.029942363500595093
515,0.012480475008487701
516,0.013062333688139915
517,0.015705104917287827
518,0.01346301194280386
519,0.028870558366179466
520,0.04099899157881737
521,0.03378770127892494
522,0.018155990168452263
523,0.048985302448272705
524,0.03540777042508125
525,0.03880485147237778
526,0.05834132805466652
527,-0.005195877514779568
528,0.024620193988084793
529,0.037040382623672485
530,0.014274523593485355
531,0.05409932881593704
532,0.010903026908636093
533,0.02778288722038269
534,0.038523584604263306
535,0.01931827701628208
536,0.0009280308149755001
537,0.04269076883792877
538,0.04018452763557434
539,0.016021333634853363
540,0.08448910713195801
541,0.014803869649767876
542,0.01609255000948906
543,0.046248260885477066
544,-0.011121651157736778
545,0.02798328921198845
546,0.021558202803134918
547,0.009500624611973763
548,0.007951349020004272
549,0.0064346520230174065
550,0.008911844342947006
551,0.04581812396645546
552,0.04461691528558731
553,0.006554956082254648
554,0.040117546916007996
555,0.0019567739218473434
556,0.018425434827804565
557,0.03320961445569992
558,0.005213005468249321
559,0.028806697577238083
560,0.03866470232605934
561,0.010613268241286278
562,0.021333657205104828
563,0.04229085147380829
564,0.03178763762116432
565,0.022966036573052406
566,0.02312617190182209
567,0.0452578030526638
568,0.046069562435150146
569,0.024494320154190063
570,0.015897314995527267
571,0.03303781896829605
572,0.04342897981405258
573,0.014435838907957077
574,-0.0035198908299207687
575,0.03548012673854828
576,0.017488548532128334
577,0.012124847620725632
578,0.003128218464553356
579,0.027444060891866684
580,0.018566370010375977
581,0.006273806095123291
582,0.02281017042696476
583,0.02998395264148712
584,0.012128758244216442
585,0.021646076813340187
586,0.01894935965538025
587,0.00805886834859848
588,0.02722967602312565
589,0.02993132174015045
590,0.005318689625710249
591,0.042992450296878815
592,0.007102556060999632
593,0.04190409928560257
594,0.008714122697710991
595,0.024044964462518692
596,0.0373394712805748
597,0.014763673767447472
598,0.09805573523044586
599,0.04757607355713844
600,0.054134488105773926
601,0.018175695091485977
602,-0.001349103171378374
603,0.03006339818239212
604,-0.0022621825337409973
605,0.023971833288669586
606,0.02964952401816845
607,0.011073793284595013
608,0.04166709631681442
609,0.008010532706975937
610,0.029435429722070694
611,0.046733513474464417
612,0.055905260145664215
613,0.03247150778770447
614,0.010204341262578964
615,0.028438080102205276
616,0.02676486223936081
617,0.01171476673334837
618,0.04849175363779068
619,0.0460997149348259
620,0.038347698748111725
621,0.02712254598736763
622,0.031846582889556885
623,0.01520821824669838
624,0.024591900408267975
625,0.022292789071798325
626,0.02222510799765587
627,0.0188139658421278
628,0.023690763860940933
629,0.005797866731882095
630,0.02522367238998413
631,0.027477020397782326
632,0.015293502248823643
633,0.029068060219287872
634,0.027775771915912628
635,0.051353923976421356
636,0.02409839816391468
637,0.040096670389175415
638,0.03383956849575043
639,0.04643811285495758
640,0.030459223315119743
641,-0.0008842675015330315
642,0.0054457467049360275
643,0.016046717762947083
644,0.0291243027895689
645,0.02294459193944931
646,0.05465223267674446
647,0.029793303459882736
648,0.010878044180572033
649,0.03221980109810829
650,0.016069862991571426
651,0.003324574790894985
652,0.023217923939228058
653,0.039760686457157135
654,0.03093215823173523
655,0.007868426851928234
656,0.02599680982530117
657,0.020119624212384224
658,0.04573693871498108
659,0.00757408794015646
660,0.02970418706536293
661,0.026863878592848778
662,0.01995023712515831
663,0.04236987233161926
664,0.02818453684449196
665,0.03815365210175514
666,0.09030190855264664
667,0.06465885043144226
668,0.0052314456552267075
669,0.031577251851558685
670,0.03278835117816925
671,0.05763082206249237
672,0.03221665322780609
673,-0.008627020753920078
674,0.006809946149587631
675,0.011085547506809235
676,0.017953526228666306
677,0.04010504484176636
678,0.04876353219151497
679,0.04991317540407181
680,0.033825211226940155
681,0.044774509966373444
682,0.029202032834291458
683,0.03544183820486069
684,0.013504805974662304
685,0.025721006095409393
686,0.00715223141014576
687,0.03269191086292267
688,0.03723588585853577
689,0.027823947370052338
690,0.024208080023527145
691,0.02602585405111313
692,0.05759819597005844
693,0.03556014597415924
694,0.02335502579808235
695,0.05395316332578659
696,0.039296407252550125
697,0.0376141294836998
698,0.05230388790369034
699,0.016006648540496826
700,0.06700097024440765
701,0.031805966049432755
702,0.022312739863991737
703,0.05274619907140732
704,0.01985052414238453
705,0.06297574937343597
706,0.04879118502140045
707,0.05058234557509422
708,0.032546382397413254
709,0.06082473695278168
710,0.05927971005439758
711,0.0484541654586792
712,0.06932097673416138
713,0.022474877536296844
714,0.03244047611951828
715,0.06176892668008804
716,0.051848262548446655
717,0.05230973660945892
718,0.07505585998296738
719,0.004935952834784985
720,0.03925398737192154
721,0.038757264614105225
722,0.10764172673225403
723,0.03509899228811264
724,0.017139872536063194
725,0.02694396674633026
726,0.043727196753025055
727,0.02475552447140217
728,0.05880602076649666
729,0.020329944789409637
730,0.06303779780864716
731,0.05831276625394821
732,0.06190826743841171
733,0.018111219629645348
734,0.04074374586343765
735,0.05446702614426613
736,0.04186123609542847
737,0.05651871860027313
738,0.03944200649857521
739,0.061081964522600174
740,0.04905251786112785
741,0.0459257997572422
742,0.05736256018280983
743,0.041299328207969666
744,0.07379671931266785
745,0.04378373175859451
746,0.028638970106840134
747,0.06503953039646149
748,0.006255385931581259
749,0.04258854687213898
750,0.040731340646743774
751,0.017769144847989082
752,0.0686260238289833
753,0.038193680346012115
754,0.02084621787071228
755,0.04650495573878288
756,0.06055968999862671
757,0.04680294170975685
758,0.04089009016752243
759,0.08264801651239395
760,0.03432002663612366
761,0.07338545471429825
762,0.04987769573926926
763,0.048651497811079025
764,0.02951374650001526
765,0.04960910603404045
766,0.017523108050227165
767,0.010911055840551853
768,0.05055209994316101
769,0.04918481782078743
770,0.0187944695353508
771,0.07174469530582428
772,0.06936191022396088
773,-0.0065992120653390884
774,0.0400826558470726
775,0.04929591342806816
776,0.10887712240219116
777,0.015846624970436096
778,0.010574976913630962
779,0.08512231707572937
780,0.026036608964204788
781,0.05493342876434326
782,0.056148629635572433
783,0.06063374876976013
784,0.04101698473095894
785,0.06709510087966919
786,0.05015482008457184
787,0.06631410866975784
788,0.06454391777515411
789,0.033642709255218506
790,0.030737798660993576
791,0.01114372443407774
792,0.04651420935988426
793,0.05177457258105278
794,0.062405239790678024
795,0.10333877801895142
796,0.039195556193590164
797,0.11871921271085739
798,0.04636581242084503
799,0.05972966551780701
800,0.0690075233578682
801,0.001681806519627571
802,0.07688485085964203
803,0.04951455816626549
804,0.0272354818880558
805,0.05658672749996185
806,0.04186491668224335
807,0.03570244833827019
808,0.05794287472963333
809,0.025745093822479248
810,0.06805334985256195
811,0.04217906668782234
812,0.05029885470867157
813,0.0236345361918211
814,0.07357612997293472
815,0.032227978110313416
816,0.03965669497847557
817,0.07395652681589127
818,0.07777192443609238
819,0.19841980934143066
820,0.03602397441864014
821,0.02223382145166397
822,0.08518348634243011
823,0.006182849407196045
824,0.0482005700469017
825,0.028826776891946793
826,0.03661097586154938
827,0.09576937556266785
828,0.10508432984352112
829,0.13781750202178955
830,0.010106782428920269
831,0.08174248784780502
832,0.06046323478221893
833,0.12558642029762268
834,0.06300752609968185
835,0.0701833963394165
836,0.08236023783683777
837,0.10316184163093567
838,0.04143228381872177
839,0.050109051167964935
840,0.08294714242219925
841,0.09007830917835236
842,0.07355408370494843
843,0.0471690371632576
844,0.09383110702037811
845,0.05588144436478615
846,0.0739738792181015
847,0.10213742405176163
848,0.10263264924287796
849,0.06830652058124542
850,0.049237027764320374
851,0.18675953149795532
852,0.08674795180559158
853,0.013792320154607296
854,0.06636084616184235
855,0.1285756230354309
856,0.08753952383995056
857,0.09792907536029816
858,0.07740174978971481
859,0.06595613807439804
860,0.0969332754611969
861,0.046910397708415985
862,0.09911920130252838
863,0.08310699462890625
864,0.102349653840065
865,0.0995914489030838
866,0.08447740972042084
867,0.06630312651395798
868,0.12400434911251068
869,0.05351359024643898
870,0.07244221866130829
871,0.05237174406647682
872,0.03275158256292343
873,0.022694116458296776
874,0.0630684345960617
875,0.09837266057729721
876,0.05313636362552643
877,0.0541219562292099
878,0.04337117820978165
879,0.0799107700586319
880,0.13689641654491425
881,0.08407236635684967
882,0.07446520030498505
883,0.09987600892782211
884,0.05334632471203804
885,0.03475944325327873
886,0.03369155526161194
887,0.1690385341644287
888,0.03446899354457855
889,0.1096336841583252
890,0.11892785131931305
891,0.04901384562253952
892,0.13590465486049652
893,0.044223602861166
894,0.05356713384389877
895,0.08974705636501312
896,0.08132948726415634
897,0.11056697368621826
898,0.14984659850597382
899,0.13063111901283264
900,0.08994098007678986
901,0.1127319484949112
902,0.057985659688711166
903,0.07214363664388657
904,0.03195079788565636
905,0.07671259343624115
906,0.11497460305690765
907,0.017924975603818893
908,0.09353577345609665
909,-0.0056434087455272675
910,0.1252240240573883
911,0.11203572899103165
912,0.12152039259672165
913,0.10805630683898926
914,0.04189710319042206
915,0.24809905886650085
916,0.10707984864711761
917,0.12490152567625046
918,0.0961410328745842
919,0.11560697853565216
920,0.1420433223247528
921,0.033307503908872604
922,0.09995584189891815
923,0.08332319557666779
924,0.1447165608406067
925,0.06166934221982956
926,0.08346062153577805
927,0.0552336685359478
928,0.05597469583153725
929,0.11707490682601929
930,0.08089056611061096
931,0.04158913344144821
932,0.07922904938459396
933,0.11719410866498947
934,0.06527834385633469
935,0.05449511110782623
936,0.12334764748811722
937,0.10363346338272095
938,0.13826914131641388
939,0.10192781686782837
940,0.05174131691455841
941,0.056973520666360855
942,0.08052066713571548
943,0.10923339426517487
944,0.10106536746025085
945,0.10794328153133392
946,0.0462736040353775
947,0.08737737685441971
948,0.07181671261787415
949,0.0657208263874054
950,0.07595700770616531
951,0.0727098137140274
952,0.10102866590023041
953,0.18359515070915222
954,0.11041370779275894
955,0.07783550024032593
956,0.07494255900382996
957,0.052203528583049774
958,0.10292156040668488
959,0.1180368959903717
960,0.10946021974086761
961,0.08980719745159149
962,0.10148516297340393
963,0.1098111942410469
964,0.12481455504894257
965,0.10866735875606537
966,0.10236518085002899
967,0.0733422189950943
968,0.09130920469760895
969,-0.04553429037332535
970,0.12089285254478455
971,0.1042148768901825
972,0.1608511507511139
973,0.09470973908901215
974,0.08204875886440277
975,0.12933707237243652
976,0.12837418913841248
977,0.18799906969070435
978,0.10788796097040176
979,0.09970623254776001
980,0.12450992316007614
981,0.11615433543920517
982,0.20857295393943787
983,0.1248210147023201
984,0.19623184204101562
985,0.04583694040775299
986,0.05935065448284149
987,0.1291235238313675
988,0.09699295461177826
989,0.14135603606700897
990,0.11745917052030563
991,0.12313202023506165
992,0.12130390107631683
993,0.12610968947410583
994,0.11998992413282394
995,0.12707142531871796
996,0.1259249746799469
997,0.24325621128082275
998,0.09002725034952164
999,0.10798096656799316
1000,0.08865087479352951
1001,0.10942606627941132
1002,0.10770682990550995
1003,0.10757797956466675
1004,0.1810450255870819
1005,0.1650608479976654
1006,0.07262475788593292
1007,0.028637364506721497
1008,0.10243506729602814
1009,0.08662571758031845
1010,0.11982885003089905
1011,0.08842696249485016
1012,0.08144769072532654
1013,0.13195699453353882
1014,0.10049029439687729
1015,0.1127367615699768
1016,0.07577331364154816
1017,0.07957567274570465
1018,0.062222518026828766
1019,0.11293871700763702
1020,0.0694202408194542
1021,0.15764296054840088
1022,0.038988932967185974
1023,0.1413094401359558
1024,0.1803448498249054
1025,0.19141662120819092
1026,0.06211192160844803
1027,0.0829753428697586
1028,0.11897499114274979
1029,0.16076025366783142
1030,0.1710141897201538
1031,0.09842927753925323
1032,0.250966876745224
1033,0.13847112655639648
1034,0.09076583385467529
1035,0.11566735804080963
1036,0.1297345757484436
1037,0.09339843690395355
1038,0.01077793538570404
1039,0.0909375250339508
1040,0.16544991731643677
1041,0.1819276511669159
1042,0.120688796043396
1043,0.13433276116847992
1044,0.12911519408226013
1045,0.20752927660942078
1046,0.2341245859861374
1047,0.1499246060848236
1048,0.16698789596557617
1049,0.11943815648555756
1050,0.15295390784740448
1051,0.14509466290473938
1052,0.192829430103302
1053,0.061032138764858246
1054,0.13913953304290771
1055,0.05614117160439491
1056,0.10869752615690231
1057,0.2366148829460144
1058,0.06427178531885147
1059,0.14764316380023956
1060,0.11492183804512024
1061,0.17267760634422302
1062,0.18704280257225037
1063,0.05786590278148651
1064,0.19316567480564117
1065,0.13148179650306702
1066,0.20164373517036438
1067,0.11328534781932831
1068,0.10284136235713959
1069,0.3100351095199585
1070,0.15443739295005798
1071,0.17445284128189087
1072,0.13421520590782166
1073,0.11496870964765549
1074,0.17786739766597748
1075,0.16091890633106232
1076,0.10527321696281433
1077,0.14594666659832
1078,0.18679757416248322
1079,0.11569268256425858
1080,0.15437692403793335
1081,0.16996417939662933
1082,0.12417048960924149
1083,0.148553729057312
1084,0.24823807179927826
1085,0.14010417461395264
1086,0.2422928512096405
1087,0.2657950520515442
1088,0.13056553900241852
1089,0.15159136056900024
1090,0.2567809224128723
1091,0.204426571726799
1092,0.19079861044883728
1093,0.07601440697908401
1094,0.2600386440753937
1095,0.19477073848247528
1096,0.21270602941513062
1097,0.10610571503639221
1098,0.1984054446220398
1099,0.22269994020462036
1100,0.17960573732852936
1101,0.17934229969978333
1102,0.1839466392993927
1103,0.26574811339378357
1104,0.19703277945518494
1105,0.11291664838790894
1106,0.21626490354537964
1107,0.1619943380355835
1108,0.17713801562786102
1109,0.08065088093280792
1110,0.14842990040779114
1111,0.09994213283061981
1112,0.1912173330783844
1113,0.21706658601760864
1114,0.12859472632408142
1115,0.3363831341266632
1116,0.3932045102119446
1117,0.13626953959465027
1118,0.21787720918655396
1119,0.16657283902168274
1120,0.1620442271232605
1121,0.28946158289909363
1122,0.07125382870435715
1123,0.22358167171478271
1124,0.2724874019622803
1125,0.14721982181072235
1126,0.23688694834709167
1127,0.1526346206665039
1128,0.2846301198005676
1129,0.19780290126800537
1130,0.09140598028898239
1131,0.23360885679721832
1132,0.22478902339935303
1133,0.18030229210853577
1134,0.10536979138851166
1135,0.08535110950469971
1136,0.15972554683685303
1137,0.12160247564315796
1138,0.1532105803489685
1139,0.17591820657253265
1140,0.2722231149673462
1141,0.12544937431812286
1142,0.1617250293493271
1143,0.18009643256664276
1144,0.28132665157318115
1145,0.1789414882659912
1146,0.20426860451698303
1147,0.09040088206529617
1148,0.17682091891765594
1149,0.13675916194915771
1150,0.20141497254371643
1151,0.17440278828144073
1152,0.24346449971199036
1153,0.07389329373836517
1154,0.24096821248531342
1155,0.17202027142047882
1156,0.06195077672600746
1157,0.2658200263977051
1158,0.12970082461833954
1159,0.12982933223247528
1160,0.24395227432250977
1161,0.19820059835910797
1162,0.11978547275066376
1163,0.14142268896102905
1164,0.34891074895858765
1165,0.17938339710235596
1166,0.26535850763320923
1167,0.20632070302963257
1168,0.13340669870376587
1169,0.1911330223083496
1170,0.15366461873054504
1171,0.23089301586151123
1172,0.3743779957294464
1173,0.13419005274772644
1174,0.12136926501989365
1175,0.1526569426059723
1176,0.16256192326545715
1177,0.0988646149635315
1178,0.27167612314224243
1179,0.27569568157196045
1180,0.30697715282440186
1181,0.30612102150917053
1182,0.2826891541481018
1183,0.2665309011936188
1184,0.1509825587272644
1185,0.20670698583126068
1186,0.21604406833648682
1187,0.10499228537082672
1188,0.21970973908901215
1189,0.23038694262504578
1190,0.25225532054901123
1191,0.20091474056243896
1192,0.2063007950782776
1193,0.1206970065832138
1194,0.1575336754322052
1195,0.30616557598114014
1196,0.22397968173027039
1197,0.08130906522274017
1198,0.2715979516506195
1199,0.22183647751808167
1200,0.2597665786743164
1201,0.25204044580459595
1202,0.19008567929267883
1203,0.15696018934249878
1204,0.07052305340766907
1205,0.2640424072742462
1206,0.24325010180473328
1207,0.2903389632701874
1208,0.12507176399230957
1209,0.05629334598779678
1210,0.1623508632183075
1211,0.07627876102924347
1212,0.26210543513298035
1213,0.11696800589561462
1214,0.1079544723033905
1215,0.1887197494506836
1216,0.275505930185318
1217,0.350647896528244
1218,0.3150889575481415
1219,0.20703431963920593
1220,0.22557270526885986
1221,0.15609124302864075
1222,0.2222515493631363
1223,0.25658607482910156
1224,0.41175809502601624
1225,0.1322854906320572
1226,0.26002275943756104
1227,0.27206939458847046
1228,0.12332600355148315
1229,0.3275463879108429
1230,0.22149480879306793
1231,0.3090031147003174
1232,0.2167104035615921
1233,0.25319185853004456
1234,0.17418937385082245
1235,0.10735812038183212
1236,0.11065712571144104
1237,0.14848476648330688
1238,0.1022244468331337
1239,0.07157500833272934
1240,0.2518695592880249
1241,0.14060452580451965
1242,0.21884426474571228
1243,0.20364001393318176
1244,0.194393128156662
1245,0.3048824667930603
1246,0.19240537285804749
1247,0.2405582070350647
1248,0.0034089796245098114
1249,0.18112251162528992
1250,0.21252913773059845
1251,0.2503999173641205
1252,0.14175286889076233
1253,0.21652792394161224
1254,0.3225173056125641
1255,0.3286088705062866
1256,0.29724767804145813
1257,0.2600449323654175
1258,0.3588908314704895
1259,0.10057786107063293
1260,0.38118481636047363
1261,0.3091842234134674
1262,0.3633224368095398
1263,0.2986643612384796
1264,0.14667195081710815
1265,0.29459044337272644
1266,0.2259669005870819
1267,0.1300092339515686
1268,0.2902623414993286
1269,0.28758805990219116
1270,0.2079923003911972
1271,0.2251397669315338
1272,0.15824195742607117
1273,0.31774935126304626
1274,0.263419508934021
1275,0.10598918795585632
1276,0.09542834758758545
1277,0.23939749598503113
1278,0.23807908594608307
1279,0.15637308359146118
1280,0.24229949712753296
1281,0.2591947019100189
1282,0.33552074432373047
1283,0.37259429693222046
1284,0.1483551263809204
1285,0.07547416538000107
1286,0.3029019832611084
1287,0.2573035657405853
1288,0.32327717542648315
1289,0.44913196563720703
1290,0.19011816382408142
1291,0.24801073968410492
1292,0.18878522515296936
1293,0.42682546377182007
1294,0.2364017814397812
1295,0.12525799870491028
1296,0.2023583948612213
1297,0.11960964649915695
1298,0.25230205059051514
1299,0.29618018865585327
1300,0.05854341760277748
1301,0.09901276230812073
1302,0.4443352222442627
1303,0.3275575339794159
1304,0.3121308386325836
1305,0.22742348909378052
1306,0.159948468208313
1307,0.340550035238266
1308,0.10321162641048431
1309,0.33916789293289185
1310,0.2018861025571823
1311,0.4017685651779175
1312,0.28885042667388916
1313,0.27247101068496704
1314,0.21156546473503113
1315,0.36097294092178345
1316,0.35743117332458496
1317,0.3578484058380127
1318,0.30636292695999146
1319,0.26654237508773804
1320,0.403045654296875
1321,0.34884539246559143
1322,0.6180964708328247
1323,0.14351999759674072
1324,0.38961365818977356
1325,0.12824314832687378
1326,0.23006302118301392
1327,0.01420685276389122
1328,0.18186703324317932
1329,0.12931624054908752
1330,0.32335489988327026
1331,0.2159898579120636
1332,0.30997973680496216
1333,0.3483434319496155
1334,0.2755887806415558
1335,0.4414770007133484
1336,0.24345898628234863
1337,0.2555519938468933
1338,0.3884336054325104
1339,0.0993712916970253
1340,0.29735809564590454
1341,0.34077441692352295
1342,0.39637601375579834
1343,0.1821208894252777
1344,0.42438361048698425
1345,0.39939242601394653
1346,0.07883702218532562
1347,0.003416243940591812
1348,0.18544262647628784
1349,0.3015010952949524
1350,0.22303804755210876
1351,0.3194352686405182
1352,0.31171712279319763
1353,-0.010171592235565186
1354,0.2958040237426758
1355,0.4652380645275116
1356,0.5285392999649048
1357,0.3812768757343292
1358,0.30234524607658386
1359,0.5095342993736267
1360,0.46688172221183777
1361,0.2385219782590866
1362,0.3482134938240051
1363,0.2329939305782318
1364,0.3953207731246948
1365,0.17964720726013184
1366,0.09664119780063629
1367,0.12786324322223663
1368,0.35959392786026
1369,0.23010392487049103
1370,0.2070930302143097
1371,0.27850115299224854
1372,0.21482133865356445
1373,0.2700427174568176
1374,0.46671193838119507
1375,0.3730888366699219
1376,0.2400636225938797
1377,0.3217206597328186
1378,0.23277020454406738
1379,0.4414040744304657
1380,0.3259894847869873
1381,0.42691415548324585
1382,0.4591286778450012
1383,0.5396178960800171
1384,0.43376240134239197
1385,0.32271137833595276
1386,0.3962157666683197
1387,0.33168941736221313
1388,0.21805152297019958
1389,0.425787091255188
1390,0.2589063048362732
1391,0.34923627972602844
1392,0.3996184468269348
1393,0.3567187786102295
1394,0.1742960512638092
1395,0.28622251749038696
1396,0.44225624203681946
1397,0.5138669013977051
1398,0.27596521377563477
1399,0.23453348875045776
1400,0.3414393365383148
1401,0.36685389280319214
1402,0.4262511134147644
1403,0.11229731887578964
1404,0.3008669912815094
1405,0.3150848150253296
1406,0.36002665758132935
1407,0.28451183438301086
1408,0.28909772634506226
1409,0.23787321150302887
1410,0.04516801983118057
1411,0.47359907627105713
1412,0.2541235089302063
1413,0.3048064708709717
1414,0.5109421610832214
1415,0.7532214522361755
1416,0.33385777473449707
1417,0.3639184534549713
1418,0.14404112100601196
1419,0.3791504502296448
1420,0.24926167726516724
1421,0.29832935333251953
1422,0.29031726717948914
1423,0.18642404675483704
1424,0.3497646450996399
1425,0.4214287996292114
1426,0.48009419441223145
1427,0.4107324481010437
1428,0.3254803419113159
1429,0.6980146765708923
1430,0.2678247094154358
1431,0.2666962444782257
1432,0.1719869077205658
1433,0.21557632088661194
1434,0.3475209176540375
1435,0.2820977568626404
1436,0.2867189049720764
1437,0.5740445852279663
1438,0.5033628940582275
1439,0.06639113277196884
1440,0.2936161458492279
1441,0.36500048637390137
1442,0.3741380572319031
1443,0.6642839908599854
1444,0.3598855137825012
1445,0.5412253737449646
1446,0.21435651183128357
1447,0.39078930020332336
1448,0.5392144918441772
1449,0.34446004033088684
1450,0.4091930389404297
1451,0.2704015374183655
1452,0.36472374200820923
1453,0.6068578958511353
1454,0.5442448854446411
1455,0.5926970839500427
1456,0.04192923754453659
1457,0.13394317030906677
1458,0.5801606178283691
1459,0.5896130204200745
1460,0.47817710041999817
1461,0.2763025760650635
1462,0.4987586736679077
1463,0.6583960056304932
1464,0.5336780548095703
1465,0.2620798945426941
1466,0.13571582734584808
1467,0.8861340284347534
1468,0.25805437564849854
1469,0.5968239903450012
1470,0.46353548765182495
1471,0.21687071025371552
1472,0.4876573383808136
1473,0.44746869802474976
1474,0.33539605140686035
1475,0.4424750506877899
1476,0.34155189990997314
1477,0.2465970367193222
1478,-0.12000013142824173
1479,0.17446942627429962
1480,0.27748626470565796
1481,0.6781045794487
1482,0.182749405503273
1483,0.6514929533004761
1484,0.5489633083343506
1485,0.279526948928833
1486,0.44509178400039673
1487,0.14689770340919495
1488,0.41406387090682983
1489,0.1713087558746338
1490,0.40540188550949097
1491,0.7292468547821045
1492,0.5569618344306946
1493,0.46734440326690674
1494,0.5902045965194702
1495,0.44610390067100525
1496,0.42299097776412964
1497,0.14117667078971863
1498,0.1919819563627243
1499,0.5440953373908997
1500,0.5539776086807251
1501,0.7317042350769043
1502,0.44477832317352295
1503,0.32461971044540405
1504,0.45257455110549927
1505,0.43702995777130127
1506,0.2689226567745209
1507,0.6138834357261658
1508,0.5283852815628052
1509,0.33469459414482117
1510,0.6238487958908081
1511,0.852503776550293
1512,0.3199928402900696
1513,0.7234896421432495
1514,0.5824131965637207
1515,0.5069438219070435
1516,0.10450547188520432
1517,0.8368636965751648
1518,0.6142816543579102
1519,0.668747067451477
1520,0.5254917144775391
1521,0.3844667971134186
1522,0.23103556036949158
1523,0.5006791353225708
1524,0.31026774644851685
1525,0.8175090551376343
1526,0.5293744802474976
1527,0.43708276748657227
1528,0.10335084795951843
1529,0.5038437247276306
1530,0.4634850025177002
1531,0.599943995475769
1532,0.6130542755126953
1533,0.3099755346775055
1534,0.31817400455474854
1535,0.5742394328117371
1536,0.49278175830841064
1537,0.68389493227005
1538,0.5368635654449463
1539,0.5187333822250366
1540,0.3761988580226898
1541,0.20546865463256836
1542,0.9234004616737366
1543,0.47771790623664856
1544,0.47944796085357666
1545,0.9437984228134155
1546,0.5832058191299438
1547,0.7455021739006042
1548,0.4807632863521576
1549,0.7199220657348633
1550,0.39838576316833496
1551,1.260897159576416
1552,0.6313979625701904
1553,0.6950951814651489
1554,0.39263197779655457
1555,0.2079298198223114
1556,0.4929642379283905
1557,0.7522133588790894
1558,0.5560826063156128
1559,0.4827921390533447
1560,0.47865626215934753
1561,0.9035111665725708
1562,0.5367705821990967
1563,0.4371374547481537
1564,0.6967829465866089
1565,0.7037153840065002
1566,0.48167747259140015
1567,0.9150395393371582
1568,0.6899070739746094
1569,0.5596284866333008
1570,0.5835442543029785
1571,0.6138953566551208
1572,0.5989132523536682
1573,0.364602655172348
1574,0.8296350240707397
1575,0.34758251905441284
1576,0.5646217465400696
1577,0.9336707592010498
1578,0.7838019728660583
1579,0.657813310623169
1580,0.7029370665550232
1581,0.6575421094894409
1582,0.8800308704376221
1583,0.5857789516448975
1584,0.2909998595714569
1585,0.24810121953487396
1586,0.9452704787254333
1587,0.2739013433456421
1588,0.24094952642917633
1589,0.41321295499801636
1590,0.6804537773132324
1591,0.427214652299881
1592,0.42108631134033203
1593,0.5331645011901855
1594,0.7595216035842896
1595,0.5503416061401367
1596,0.7416683435440063
1597,0.2974271774291992
1598,0.34399545192718506
1599,1.022771954536438
1600,0.2910380959510803
1601,0.23925089836120605
1602,0.454112708568573
1603,0.5294610857963562
1604,0.8802279233932495
1605,0.3331298232078552
1606,0.3856613337993622
1607,0.6469626426696777
1608,0.672993540763855
1609,1.1275255680084229
1610,0.6771728992462158
1611,0.3829333782196045
1612,0.5539230108261108
1613,0.5378986597061157
1614,0.3829461932182312
1615,0.3603705167770386
1616,0.7202873229980469
1617,0.6620742678642273
1618,0.6287808418273926
1619,0.8831709623336792
1620,1.125688076019287
1621,0.49262771010398865
1622,0.7675021290779114
1623,0.34169328212738037
1624,0.724295973777771
1625,1.1816226243972778
1626,0.9374912977218628
1627,0.4884048402309418
1628,1.130232334136963
1629,0.16782261431217194
1630,0.4823620021343231
1631,0.8191748857498169
1632,0.3322068750858307
1633,1.3181641101837158
1634,1.0594525337219238
1635,0.27730631828308105
1636,0.8059210181236267
1637,0.765834629535675
1638,0.45251578092575073
1639,0.831367015838623
1640,0.6387360095977783
1641,0.24340257048606873
1642,0.4746151864528656
1643,0.22881467640399933
1644,0.7606397867202759
1645,0.5781126022338867
1646,0.6003674864768982
1647,0.36013418436050415
1648,0.9155255556106567
1649,0.8493527173995972
1650,1.2775834798812866
1651,0.6979212164878845
1652,0.43191787600517273
1653,0.8399276733398438
1654,0.477753609418869
1655,0.6646281480789185
1656,0.8182552456855774
1657,0.4217262864112854
1658,0.9324502944946289
1659,1.3281443119049072
1660,0.8084085583686829
1661,1.3991477489471436
1662,0.3825550079345703
1663,0.7518629431724548
1664,1.18809175491333
1665,1.121229648590088
1666,0.8076562881469727
1667,0.6949515342712402
1668,0.7911991477012634
1669,1.2300105094909668
1670,1.3420336246490479
1671,0.5450825095176697
1672,0.5838770866394043
1673,0.8671413064002991
1674,1.0904814004898071
1675,0.9095525741577148
1676,0.6897097826004028
1677,0.9217435121536255
1678,0.8897887468338013
1679,0.6996780633926392
1680,0.5971463918685913
1681,0.8229867219924927
1682,1.1456077098846436
1683,0.606975257396698
1684,0.8356097340583801
1685,0.4125325083732605
1686,0.27364665269851685
1687,0.6394792199134827
1688,1.1333909034729004
1689,0.7411662936210632
1690,0.3843100368976593
1691,1.0172977447509766
1692,1.145224928855896
1693,0.4700774848461151
1694,0.8414835929870605
1695,0.8399669528007507
1696,0.6305257081985474
1697,0.6420183181762695
1698,0.7168862819671631
1699,0.6589744091033936
1700,0.31042250990867615
1701,0.7692136764526367
1702,1.1909277439117432
1703,0.622352123260498
1704,1.0306496620178223
1705,0.6296889781951904
1706,0.29048407077789307
1707,0.5653035044670105
1708,0.8011561036109924
1709,0.836490273475647
1710,0.6826449632644653
1711,0.8591963052749634
1712,1.1970088481903076
1713,1.5263383388519287
1714,0.8319436311721802
1715,0.5120135545730591
1716,1.5613704919815063
1717,1.381523847579956
1718,0.6785585880279541
1719,1.5387182235717773
1720,1.0497868061065674
1721,1.4549343585968018
1722,0.82134610414505
1723,0.7188267707824707
1724,0.819994330406189
1725,0.6441624164581299
1726,1.0643963813781738
1727,1.1543350219726562
1728,1.3417418003082275
1729,1.4133278131484985
1730,0.9656341075897217
1731,1.0077377557754517
1732,0.7705153822898865
1733,1.4278223514556885
1734,0.8822472095489502
1735,0.7376208305358887
1736,1.2571662664413452
1737,1.3004937171936035
1738,1.1921254396438599
1739,1.314257264137268
1740,0.7452325224876404
1741,0.9650418758392334
1742,0.626239001750946
1743,0.6815979480743408
1744,0.7866296768188477
1745,0.7190766334533691
1746,1.644349217414856
1747,1.0609571933746338
1748,1.2539079189300537
1749,0.8001130223274231
1750,0.8593662977218628
1751,0.6576351523399353
1752,0.7161972522735596
1753,0.945269763469696
1754,1.6730539798736572
1755,0.9902618527412415
1756,1.097064733505249
1757,0.7300149202346802
1758,0.8705726265907288
1759,0.9230136871337891
1760,1.3234107494354248
1761,0.8893124461174011
1762,0.9909152984619141
1763,1.1536533832550049
1764,1.1675734519958496
1765,1.0926427841186523
1766,0.7610349655151367
1767,1.1860092878341675
1768,1.8655539751052856
1769,1.6378519535064697
1770,0.6148583292961121
1771,0.7662537097930908
1772,1.0056664943695068
1773,0.46286773681640625
1774,0.6351743936538696
1775,1.0103063583374023
1776,1.4601283073425293
1777,1.1486351490020752
1778,0.9351398944854736
1779,0.9903044104576111
1780,0.8118009567260742
1781,1.2649240493774414
1782,0.9270474910736084
1783,1.3132117986679077
1784,1.3149564266204834
1785,0.9104975461959839
1786,1.9589323997497559
1787,0.9357908368110657
1788,1.7044910192489624
1789,0.7660915851593018
1790,0.9175856113433838
1791,1.4241137504577637
1792,0.9599431753158569
1793,1.009697675704956
1794,1.641697645187378
1795,0.9800611138343811
1796,0.7323117852210999
1797,1.2278263568878174
1798,0.7466689944267273
1799,0.8962327241897583
1800,0.9693381786346436
1801,0.5967187285423279
1802,0.4691365361213684
1803,1.0927648544311523
1804,0.9807880520820618
1805,1.4348852634429932
1806,1.3565568923950195
1807,1.33383309841156
1808,1.4995999336242676
1809,0.8998326063156128
1810,1.4537873268127441
1811,0.7242023944854736
1812,1.2985938787460327
1813,1.5908493995666504
1814,0.6297115087509155
1815,1.0130902528762817
1816,0.7979851961135864
1817,1.7948532104492188
1818,1.1727741956710815
1819,2.101696729660034
1820,1.1246671676635742
1821,1.1024705171585083
1822,0.8454155921936035
1823,0.8614860773086548
1824,1.3460776805877686
1825,0.7435392141342163
1826,1.4032200574874878
1827,1.0810543298721313
1828,1.307997226715088
1829,1.5739383697509766
1830,1.3989758491516113
1831,1.7958115339279175
1832,0.8706372976303101
1833,0.8462424278259277
1834,1.5313198566436768
1835,1.6923011541366577
1836,1.6353638172149658
1837,0.6178719997406006
1838,1.2998112440109253
1839,0.5264917612075806
1840,1.831371784210205
1841,1.0924935340881348
1842,1.5130841732025146
1843,0.3946859836578369
1844,1.3650522232055664
1845,2.6612210273742676
1846,1.0824061632156372
1847,0.8295717835426331
1848,0.7306245565414429
1849,0.9863505363464355
1850,1.3077185153961182
1851,1.500420093536377
1852,2.433284044265747
1853,1.1717609167099
1854,0.8830278515815735
1855,2.119352102279663
1856,0.8993912935256958
1857,0.9890106916427612
1858,1.2743626832962036
1859,0.9415136575698853
1860,1.0457801818847656
1861,1.3462775945663452
1862,0.8636249899864197
1863,1.8152947425842285
1864,1.4762215614318848
1865,2.3075387477874756
1866,1.2175164222717285
1867,1.1609736680984497
1868,1.3156695365905762
1869,0.7423962354660034
1870,1.5491576194763184
1871,0.9061810970306396
1872,1.1860806941986084
1873,1.6924965381622314
1874,0.9000257253646851
1875,1.9834091663360596
1876,0.965039849281311
1877,0.8516823053359985
1878,1.6279301643371582
1879,1.4609215259552002
1880,1.1460630893707275
1881,2.032291889190674
1882,2.3273448944091797
1883,2.141399621963501
1884,1.8246785402297974
1885,1.4192383289337158
1886,0.7775871753692627
1887,1.3392235040664673
1888,1.3553166389465332
1889,1.5164072513580322
1890,2.230713129043579
1891,1.6091525554656982
1892,2.260392665863037
1893,1.7691998481750488
1894,1.401207447052002
1895,1.4187896251678467
1896,0.7751807570457458
1897,1.2143707275390625
1898,1.2518534660339355
1899,1.626124620437622
1900,1.3912808895111084
1901,1.2686794996261597
1902,1.3664398193359375
1903,1.2127381563186646
1904,1.870133876800537
1905,2.2675580978393555
1906,2.255556583404541
1907,1.4744383096694946
1908,1.297703742980957
1909,1.011763572692871
1910,1.597337245941162
1911,2.0279600620269775
1912,0.8944844007492065
1913,2.0278079509735107
1914,1.0764877796173096
1915,2.4828124046325684
1916,1.0118335485458374
1917,1.6190366744995117
1918,2.303558111190796
1919,0.948549211025238
1920,1.7239443063735962
1921,1.9974907636642456
1922,1.0256487131118774
1923,1.1761226654052734
1924,1.2992407083511353
1925,1.2936358451843262
1926,1.8020660877227783
1927,1.9782215356826782
1928,1.4106814861297607
1929,2.914684772491455
1930,1.9230399131774902
1931,2.1246042251586914
1932,2.553311824798584
1933,1.6399894952774048
1934,1.9863697290420532
1935,0.5379096865653992
1936,1.3530604839324951
1937,1.9497127532958984
1938,1.3855267763137817
1939,1.0955524444580078
1940,1.1711522340774536
1941,1.7652065753936768
1942,1.7343733310699463
1943,1.8708490133285522
1944,1.8694465160369873
1945,1.5797358751296997
1946,1.2636843919754028
1947,1.430101990699768
1948,0.8165593147277832
1949,1.3786373138427734
1950,2.20413875579834
1951,1.0901455879211426
1952,1.4140008687973022
1953,1.3984047174453735
1954,1.3313761949539185
1955,1.8475911617279053
1956,1.4434791803359985
1957,1.6308773756027222
1958,2.0114247798919678
1959,1.8171672821044922
1960,2.364302635192871
1961,0.5720487236976624
1962,2.171862840652466
1963,0.5005147457122803
1964,1.1021289825439453
1965,2.5355095863342285
1966,1.761144757270813
1967,2.4571895599365234
1968,2.0814006328582764
1969,1.430559515953064
1970,1.8221371173858643
1971,0.8895566463470459
1972,2.416396379470825
1973,2.1767144203186035
1974,1.858083963394165
1975,2.17722749710083
1976,1.1506365537643433
1977,0.821287214756012
1978,1.9086599349975586
1979,2.3140339851379395
1980,1.8526803255081177
1981,1.928398609161377
1982,2.9983983039855957
1983,2.3490915298461914
1984,2.3488173484802246
1985,1.7818784713745117
1986,2.1409783363342285
1987,1.3457257747650146
1988,0.9296557903289795
1989,1.7996526956558228
1990,1.6084438562393188
1991,1.1622027158737183
1992,0.8814771175384521
1993,2.7729313373565674
1994,1.9576778411865234
1995,1.1419181823730469
1996,1.4732296466827393
1997,0.9990299940109253
1998,2.2714250087738037
