,PV
0,14576.076280234614
1,14572.050738710968
2,14557.01637132288
3,14556.172216377821
4,14544.927622992058
5,14566.617516196367
6,14600.411953796876
7,14617.301897196518
8,14609.026377984583
9,14602.413299480368
10,14580.586700251832
11,14559.22729246639
12,14510.015979173972
13,14465.163103805535
14,14430.09499513606
15,14428.088941465761
16,14384.853817225645
17,14357.227701471083
18,14274.286099148634
19,14217.575092681469
20,14220.266639952013
21,14208.984217786207
22,14190.31977489195
23,14181.232524414254
24,14215.951227311423
25,14245.802252589981
26,14298.656417865026
27,14340.647004854982
28,14393.514251486105
29,14436.86792215077
30,14472.528995577763
31,14499.778430909873
32,14529.50055454214
33,14538.184592221736
34,14579.49118997733
35,14612.28145330477
36,14638.197229476284
37,14658.9460050677
38,14703.242390192858
39,14748.074574566013
40,14793.499112693456
41,14812.734123338032
42,14816.35763531765
43,14844.624550030516
44,14845.136830974758
45,14877.355882428617
46,14922.39018398207
47,14952.95298307022
48,15001.36135868818
49,15051.948266193542
50,15106.597241428835
51,15159.878508439273
52,15195.902941810997
53,15231.357540569574
54,15277.353848644796
55,15315.965468221179
56,15347.6636731472
57,15350.647894268288
58,15379.020863731112
59,15401.807872564286
60,15412.169217356586
61,15417.021161822993
62,15408.610721113659
63,15391.433375987826
64,15357.991428703039
65,15364.653266461388
66,15390.71127262733
67,15427.425733672198
68,15484.929263799819
69,15522.531940449677
70,15509.439276300596
71,15535.940909996816
72,15576.903023930088
73,15623.203770420945
74,15661.323689549827
75,15726.032683121535
76,15787.191138407481
77,15852.959300005068
78,15892.562321493999
79,15934.832997621308
80,15950.922497774676
81,15954.147497354705
82,15962.232539556544
83,15977.607555903505
84,15981.363490732838
85,15970.931474162837
86,15941.43316587829
87,15925.701189100022
88,15936.090775735987
89,15981.534485347232
90,16050.818379860506
91,16115.496324462274
92,16147.567489500085
93,16201.017380531022
94,16263.95043828361
95,16297.992197650856
96,16324.475767496784
97,16352.956605370728
98,16383.29045472214
99,16393.029732191473
100,16395.37112397524
101,16397.013502525595
102,16388.283863339522
103,16373.097538550915
104,16358.996917723875
105,16364.847462499754
106,16375.964290043657
107,16360.983924761396
108,16301.915480985
109,16258.56812625886
110,16249.630201531061
111,16271.556587481042
112,16286.582142712847
113,16272.06571535705
114,16184.634429884125
115,16116.28109050429
116,16050.283269557154
117,16001.201033873132
118,15906.471515949845
119,15859.463065285338
120,15827.372063274623
121,15823.210564538584
122,15803.332439754548
123,15770.852232385792
124,15749.153665993177
125,15761.337842012133
126,15815.538736936734
127,15862.49940569323
128,15923.637233766725
129,15992.469528917762
130,16063.387576189009
131,16140.178359229121
132,16201.73550280739
133,16279.6485870078
134,16347.151959717226
135,16392.17110975869
136,16468.962608156246
137,16566.06550375425
138,16653.468911061707
139,16740.813321222355
140,16820.89794472202
141,16904.027029767203
142,16960.303531349626
143,17014.534697371604
144,17050.228446844136
145,17038.638125498142
146,17052.011751669597
147,17090.740269446243
148,17120.88297744532
149,17175.00074071729
150,17209.011039302844
151,17243.9847994183
152,17275.620082421854
153,17257.152681424763
154,17233.545180790774
155,17221.74682080051
156,17165.69618189938
157,17184.379197525734
158,17118.7964610382
159,17005.05949663931
160,16946.117273822347
161,16857.481942972103
162,16776.527556458266
163,16802.110898401494
164,16834.22340508231
165,16822.23535494011
166,16843.59276773286
167,16836.16660201783
168,16787.125175705536
169,16808.342466540933
170,16774.881200550008
171,16741.21060073925
172,16679.21873725772
173,16694.690754409196
174,16734.5161231695
175,16786.12750846643
176,16866.460847163915
177,16921.07855773458
178,16971.005703110583
179,17007.700039872765
180,17023.349323541137
181,17027.757023451628
182,17002.542493923847
183,16895.89390194657
184,16815.226995601526
185,16708.50932563463
186,16627.8408674799
187,16596.445109716933
188,16572.9828531836
189,16479.30508111087
190,16410.84113911666
191,16302.962347121393
192,16198.4771194889
193,16083.578959244136
194,15936.00064140751
195,15840.13160378144
196,15700.6738862692
197,15578.850841395548
198,15457.070882317104
199,15430.499968162014
200,15484.21181880476
201,15546.977168421552
202,15615.971826289835
203,15587.728734000248
204,15584.28404103604
205,15562.66859434325
206,15579.82423632188
207,15662.901653940757
208,15672.299730174382
209,15605.845966910985
210,15536.516196775541
211,15540.75840266472
212,15535.437096937687
213,15451.197165706479
214,15355.056461244581
215,15261.279374617023
216,15126.194435376296
217,15100.561975815697
218,15114.764231447934
219,15140.445450601586
220,15133.509868327788
221,15178.091277376501
222,15178.437433325445
223,15156.528756192765
224,15057.338007811479
225,14967.295615434217
226,14963.900274216456
227,14939.845250311013
228,14878.041782752021
229,14790.693582931024
230,14776.982435560163
231,14853.89359043855
232,14950.964491884504
