,Profitloss
0,0.11007022801854394
1,-0.027617456483164382
2,-0.13076158868337018
3,-0.13655296167586206
4,-0.213697133876789
5,-0.06489238843427891
6,0.2319992102691959
7,0.3479488696932931
8,0.29113733329690916
9,0.24573847184632402
10,0.09589861228889163
11,-0.1464921009322051
12,-0.4840046736709236
13,-0.7916251850434985
14,-1.0321375141452482
15,-1.0458959020039793
16,-0.2996593964420313
17,-0.4911339282850258
18,-1.0659959398718666
19,-1.4590556631466578
20,-1.440400751318316
21,-0.07934044031290277
22,-0.21059285186627585
23,-0.2744963686411639
24,-0.030346917887358327
25,0.17957196784359475
26,0.3710157163345107
27,0.6657733315633907
28,1.0368808739379176
29,1.3412068072617744
30,1.5915336951034975
31,0.18828385377867018
32,0.39365309948100613
33,0.45365669444528134
34,0.739070513745399
35,0.9656395075781754
36,0.1773561250810296
37,0.3193515804636782
38,0.6224964744811823
39,0.9293081418886295
40,1.240173616746909
41,0.1300234008063228
42,0.15451734880342904
43,0.3455939460137003
44,0.34905682481161104
45,0.5668487833497604
46,0.3027036652839765
47,0.5081353248455267
48,0.8335182490728954
49,1.1735444466387523
50,1.5408743382348655
51,0.35270197622212507
52,0.5911701950803705
53,0.8258663228181584
54,1.130344606975231
55,1.3859390268124994
56,0.20696184639350523
57,0.226446227755428
58,0.41169716424842573
59,0.5604766119460258
60,0.6281272266839499
61,0.031481256129373136
62,-0.0230888734268464
63,-0.13454200428456575
64,-0.351526043410777
65,-0.30830151307764675
66,0.16959709870461026
67,0.4085511473782111
68,0.7828097077919427
69,1.02754465883661
70,0.9423317749399196
71,0.17087422197601398
72,0.4349850850673853
73,0.7335177764562273
74,0.9793030588882701
75,1.3965263538051165
76,0.3888994542888602
77,0.8071114911249122
78,1.0589424664696034
79,1.3277367452242173
80,1.4300479922982223
81,0.02021826374292157
82,0.07090525192787744
83,0.16729476387682407
84,0.1908415827511556
85,0.12544087272039484
86,-0.18469998654910835
87,-0.28320380145633317
88,-0.21815069761719208
89,0.0663894350905414
90,0.5002019188856233
91,0.40295730143531383
92,0.6027674561502216
93,0.9357716043873365
94,1.3278578909753813
95,1.5399452659715207
96,0.16249590455532648
97,0.33724649670525686
98,0.5233666579100404
99,0.5831241872499948
100,0.597490323614358
101,0.010017330732781105
102,-0.043227204691664856
103,-0.13585288954974795
104,-0.22185655924662484
105,-0.186172433942966
106,0.06793114063163852
107,-0.023608761078963703
108,-0.3845558698849061
109,-0.6494367667308487
110,-0.704053375582725
111,0.13493467653138413
112,0.2274017360610614
113,0.1380678424538928
114,-0.39998308171229624
115,-0.8206285889152509
116,-0.4095102373588011
117,-0.7140608679192306
118,-1.301848567769548
119,-1.5935315584081566
120,-1.792653190939264
121,-0.026293049278192093
122,-0.1518863865964004
123,-0.3571018022630379
124,-0.4941969959936787
125,-0.4172153216497221
126,0.3438851160218581
127,0.6418336101612354
128,1.0297310633236911
129,1.4664471329936424
130,1.9163965470732736
131,0.47804849802628446
132,0.8612624576366246
133,1.3462976585297382
134,1.7665288979819227
135,2.0467882755754507
136,0.4684644754094913
137,1.0608380844196796
138,1.5940402253821206
139,2.126882455833501
140,2.6154365525631773
141,0.4942012330041434
142,0.8287642377103221
143,1.1511677514834728
144,1.3633665864673628
145,1.2944622902515412
146,0.0784899947575024
147,0.30578819483306763
148,0.48269615999472215
149,0.8003140521840146
150,0.9999209593502645
151,0.2032293432526755
152,0.38705909925262905
153,0.27974670951149694
154,0.14256566767198997
155,0.07400646945125988
156,-0.3254643067533092
157,-0.21697928592030458
158,-0.5977927839350472
159,-1.2582191946956311
160,-1.6004738070197089
161,-0.5230421188407774
162,-1.000758549134173
163,-0.8497897960573431
164,-0.6602920712279414
165,-0.7310342356334654
166,0.12695942211078393
167,0.0828144820458121
168,-0.2087129236618468
169,-0.08258645837514456
170,-0.2814973955063249
171,-0.20072034733488175
172,-0.5702720761393554
173,-0.4780388318826545
174,-0.24062809684270992
175,0.06704254880836036
176,0.4785698110357339
177,0.8039439066579668
178,1.1013748975212234
179,1.3199740755846179
180,1.413201555600363
181,0.025892084023659834
182,-0.12222524029695814
183,-0.748709429455896
184,-1.2225698009486585
185,-1.8494597738831775
186,-0.4827986541622087
187,-0.6707014595596861
188,-0.8111224634689718
189,-1.3717815279434276
190,-1.781536465741329
191,-0.6573629656198898
192,-1.294047135229226
193,-1.9941828520444682
194,-2.8934561835305628
195,-3.477637316072024
196,-0.8804075685769353
197,-1.649486058079952
198,-2.4182925435599856
199,-2.5860368200579575
200,-2.2469496711233883
201,0.4053506265043971
202,0.8509313165366184
203,0.6685320273762452
204,0.6462855417009195
205,0.5066888547934134
206,0.11023586266474261
207,0.6440608754846755
208,0.7044494661473388
209,0.2774419586588861
210,-0.16804571406997537
211,0.02730474345373768
212,-0.006945571479388679
213,-0.5491516243954941
214,-1.1679564017615496
215,-1.7715478725896183
216,-0.8851481971125175
217,-1.0531056725731291
218,-0.9600449580444481
219,-0.7917679838586156
220,-0.8372135988922613
221,0.2945873722395076
222,0.29687471966886037
223,0.1521054141785827
224,-0.5033324138224327
225,-1.0983192553462584
226,-0.02268506819802507
227,-0.1834023047884381
228,-0.5963257155832347
229,-1.1799194526570411
230,-1.2715268326617624
231,0.520479436270449
232,1.1773855527205779
