,Jc
0,-0.0064120604656636715
1,0.06027033552527428
2,0.13944315910339355
3,0.21533218026161194
4,0.30078399181365967
5,0.4073312282562256
6,0.4861398935317993
7,0.6017888188362122
8,0.7158428430557251
9,0.8275041580200195
10,0.9377604722976685
11,1.0832146406173706
12,1.2097499370574951
13,1.3418498039245605
14,1.4784188270568848
15,1.618779182434082
16,1.791375994682312
17,1.9204959869384766
18,2.1083920001983643
19,2.252501964569092
20,2.4004945755004883
21,2.6382551193237305
22,2.8036396503448486
23,2.9826152324676514
24,3.1652748584747314
25,3.3211677074432373
26,3.528719902038574
27,3.667782783508301
28,3.8727493286132812
29,4.048343658447266
30,4.233595848083496
31,4.358358383178711
32,4.5678229331970215
33,4.722272872924805
34,4.845937252044678
35,4.945080280303955
36,5.001993656158447
37,5.137836456298828
38,5.196707725524902
39,5.271032333374023
40,5.21073579788208
41,5.311958312988281
42,5.219986915588379
43,5.228013515472412
44,5.291413307189941
45,5.2264018058776855
46,5.230669975280762
47,5.1634721755981445
48,5.080629825592041
49,4.988985061645508
50,4.956502437591553
51,4.910330772399902
52,4.872734546661377
53,4.833836078643799
54,4.752389907836914
55,4.674291610717773
56,4.629958152770996
57,4.568472385406494
58,4.563084125518799
59,4.449367523193359
60,4.488118648529053
61,4.404989719390869
62,4.2796759605407715
63,4.305046081542969
64,4.283341407775879
65,4.239784240722656
66,4.189355850219727
67,4.197201728820801
68,4.119253158569336
69,4.111237525939941
70,4.052777290344238
71,4.046030521392822
72,3.996584892272949
73,4.043099880218506
74,4.002449989318848
75,3.927717924118042
76,3.9833099842071533
77,3.940338611602783
78,3.9382975101470947
79,3.896394968032837
80,3.842695713043213
81,3.840831756591797
82,3.835888385772705
83,3.820916175842285
84,3.8019421100616455
85,3.7800493240356445
86,3.7452480792999268
87,3.719447135925293
88,3.7505741119384766
89,3.699314832687378
90,3.6872482299804688
91,3.6392335891723633
92,3.648988962173462
93,3.610246419906616
94,3.613434314727783
95,3.5871846675872803
96,3.5949625968933105
97,3.5455431938171387
98,3.515962600708008
99,3.5610082149505615
100,3.5054988861083984
101,3.4744873046875
102,3.452347755432129
103,3.5035884380340576
104,3.4548449516296387
105,3.4552571773529053
106,3.440310478210449
107,3.3881640434265137
108,3.3985471725463867
109,3.3940320014953613
110,3.418653964996338
111,3.371598243713379
112,3.3520283699035645
113,3.375743865966797
114,3.3285791873931885
115,3.3290112018585205
116,3.333528757095337
117,3.297333240509033
118,3.2826778888702393
119,3.2938175201416016
120,3.277772903442383
121,3.262606620788574
122,3.2428979873657227
123,3.2438998222351074
124,3.2420737743377686
125,3.2207541465759277
126,3.218770980834961
127,3.2155590057373047
128,3.188197135925293
129,3.2042336463928223
130,3.1833248138427734
131,3.160529136657715
132,3.1483144760131836
133,3.151578426361084
134,3.1281256675720215
135,3.1277151107788086
136,3.105103015899658
137,3.0886459350585938
138,3.0899276733398438
139,3.08725643157959
140,3.069573163986206
141,3.0649960041046143
142,3.0682387351989746
143,3.065631866455078
144,3.04067325592041
145,3.035034418106079
146,3.026838779449463
147,3.021465301513672
148,3.014896869659424
149,3.005971908569336
150,2.9888646602630615
151,2.9712982177734375
152,2.9709808826446533
153,2.955604076385498
154,2.9503560066223145
155,2.9417757987976074
156,2.9390835762023926
157,2.934251070022583
158,2.941617965698242
159,2.918606996536255
160,2.90960693359375
161,2.912097692489624
162,2.886387825012207
163,2.8707401752471924
164,2.888185739517212
165,2.871861457824707
166,2.862016439437866
167,2.8640310764312744
168,2.839895725250244
169,2.8530163764953613
170,2.830742359161377
171,2.8458633422851562
172,2.8106441497802734
173,2.8114736080169678
174,2.8219282627105713
175,2.8170106410980225
176,2.8052635192871094
177,2.800980567932129
178,2.798269748687744
179,2.7860374450683594
180,2.7839395999908447
181,2.7721991539001465
182,2.7648963928222656
183,2.759280204772949
184,2.7615370750427246
185,2.742262840270996
186,2.742316722869873
187,2.7125964164733887
188,2.7236337661743164
189,2.6959259510040283
190,2.7130279541015625
191,2.7000231742858887
192,2.7121870517730713
193,2.691657066345215
194,2.6942758560180664
195,2.691997766494751
196,2.682138681411743
197,2.667875289916992
198,2.685853958129883
199,2.6683757305145264
200,2.6631510257720947
201,2.6665151119232178
202,2.645212411880493
203,2.6364645957946777
204,2.6536102294921875
205,2.6370596885681152
206,2.63670015335083
207,2.6171069145202637
208,2.6219687461853027
209,2.6238598823547363
210,2.61147403717041
211,2.6072371006011963
212,2.604330062866211
213,2.5962977409362793
214,2.5990238189697266
215,2.5850324630737305
216,2.583925247192383
217,2.5663180351257324
218,2.568187952041626
219,2.5806262493133545
220,2.5630829334259033
221,2.551027297973633
222,2.558803081512451
223,2.527282476425171
224,2.5401153564453125
225,2.5194244384765625
226,2.5166513919830322
227,2.513253688812256
228,2.511911153793335
229,2.516495704650879
230,2.4990386962890625
231,2.499589204788208
232,2.4912567138671875
233,2.5098659992218018
234,2.4979209899902344
235,2.4755985736846924
236,2.482978343963623
237,2.4916720390319824
238,2.485042095184326
239,2.468315601348877
240,2.4812169075012207
241,2.4675891399383545
242,2.461750030517578
243,2.4589762687683105
244,2.4601759910583496
245,2.4495959281921387
246,2.4698991775512695
247,2.4567975997924805
248,2.4359092712402344
249,2.450380325317383
250,2.4392178058624268
251,2.4333577156066895
252,2.4316518306732178
253,2.428194046020508
254,2.4314699172973633
255,2.427055597305298
256,2.428555488586426
257,2.4233295917510986
258,2.429720878601074
259,2.4242091178894043
260,2.4051222801208496
261,2.4186229705810547
262,2.4080142974853516
263,2.4002482891082764
264,2.4048333168029785
265,2.402324676513672
266,2.3879497051239014
267,2.3833489418029785
268,2.391674041748047
269,2.39003849029541
270,2.38571834564209
271,2.3864550590515137
272,2.3864903450012207
273,2.375429153442383
274,2.3773210048675537
275,2.3844549655914307
276,2.3823978900909424
277,2.3768601417541504
278,2.3770461082458496
279,2.3653249740600586
280,2.359013557434082
281,2.369279146194458
282,2.35556697845459
283,2.3494229316711426
284,2.3622870445251465
285,2.355813980102539
286,2.3635001182556152
287,2.3395378589630127
288,2.358860492706299
289,2.343686580657959
290,2.3386642932891846
291,2.3431344032287598
292,2.3385565280914307
293,2.343418598175049
294,2.333519220352173
295,2.3368186950683594
296,2.3315815925598145
297,2.3221936225891113
298,2.3296661376953125
299,2.3195390701293945
300,2.3169145584106445
301,2.3073625564575195
302,2.310586452484131
303,2.3076295852661133
304,2.3075125217437744
305,2.3218729496002197
306,2.3162739276885986
307,2.306913375854492
308,2.3064112663269043
309,2.2996044158935547
310,2.299752712249756
311,2.2963199615478516
312,2.276576519012451
313,2.2744288444519043
314,2.290182113647461
315,2.2816953659057617
316,2.275660753250122
317,2.2718887329101562
318,2.2609405517578125
319,2.268867015838623
320,2.2684078216552734
321,2.2655651569366455
322,2.286837100982666
323,2.278707504272461
324,2.281566619873047
325,2.280365467071533
326,2.2710366249084473
327,2.2658534049987793
328,2.272353172302246
329,2.27805495262146
330,2.2527847290039062
331,2.265052080154419
332,2.270566463470459
333,2.2604384422302246
334,2.252962827682495
335,2.2720885276794434
336,2.2629141807556152
337,2.257154941558838
338,2.2651329040527344
339,2.2453837394714355
340,2.2708218097686768
341,2.2671847343444824
342,2.2542202472686768
343,2.2464513778686523
344,2.2462494373321533
345,2.2481284141540527
346,2.2430789470672607
347,2.2344400882720947
348,2.233158826828003
349,2.2493796348571777
350,2.238304615020752
351,2.2405660152435303
352,2.237210750579834
353,2.2453479766845703
354,2.241694211959839
355,2.2298455238342285
356,2.234767436981201
357,2.2412924766540527
358,2.2344729900360107
359,2.2401435375213623
360,2.2304537296295166
361,2.2298316955566406
362,2.228996992111206
363,2.230332612991333
364,2.236584186553955
365,2.233208417892456
366,2.2310595512390137
367,2.241258144378662
368,2.2235846519470215
369,2.208827018737793
370,2.223613739013672
371,2.2140285968780518
372,2.2188661098480225
373,2.2126619815826416
374,2.210634231567383
375,2.2056326866149902
376,2.211381435394287
377,2.2075796127319336
378,2.1994740962982178
379,2.2103724479675293
380,2.2089343070983887
381,2.2094101905822754
382,2.194965124130249
383,2.208393096923828
384,2.1891727447509766
385,2.2091012001037598
386,2.216524124145508
387,2.211012601852417
388,2.2085957527160645
389,2.2065370082855225
390,2.2076869010925293
391,2.1922106742858887
392,2.202077865600586
393,2.177929401397705
394,2.1885290145874023
395,2.197597026824951
396,2.1847782135009766
397,2.189361572265625
398,2.1982975006103516
399,2.184516668319702
400,2.1833815574645996
401,2.1851158142089844
402,2.185633659362793
403,2.189805746078491
404,2.187910318374634
405,2.178248167037964
406,2.196286678314209
407,2.1887917518615723
408,2.1873536109924316
409,2.200714111328125
410,2.1939697265625
411,2.2000272274017334
412,2.1882009506225586
413,2.207801342010498
414,2.1925387382507324
415,2.191209316253662
416,2.1859629154205322
417,2.188638210296631
418,2.189929723739624
419,2.1808903217315674
420,2.1966466903686523
421,2.188382625579834
422,2.1780312061309814
423,2.1775970458984375
424,2.183525562286377
425,2.18328595161438
426,2.1903297901153564
427,2.183634042739868
428,2.1794722080230713
429,2.178997755050659
430,2.1901087760925293
431,2.1887433528900146
432,2.1852622032165527
433,2.184800386428833
434,2.187804698944092
435,2.1719136238098145
436,2.1768651008605957
437,2.1810858249664307
438,2.1844048500061035
439,2.183107376098633
440,2.185683012008667
441,2.1733508110046387
442,2.1865062713623047
443,2.192859411239624
444,2.1870152950286865
445,2.198695182800293
446,2.1776137351989746
447,2.1932015419006348
448,2.193902015686035
449,2.1911401748657227
450,2.185375690460205
451,2.181950092315674
452,2.1688363552093506
453,2.169893503189087
454,2.184319257736206
455,2.194873809814453
456,2.1873815059661865
457,2.187394380569458
458,2.197380542755127
459,2.2021684646606445
460,2.1943657398223877
461,2.191934108734131
462,2.184420585632324
463,2.1791133880615234
464,2.179800033569336
465,2.1948609352111816
466,2.195474147796631
467,2.18660831451416
468,2.1908016204833984
469,2.1917879581451416
470,2.193817615509033
471,2.192155361175537
472,2.1886141300201416
473,2.186344623565674
474,2.190690040588379
475,2.1941235065460205
476,2.1884267330169678
477,2.1870055198669434
478,2.1822986602783203
479,2.1813411712646484
480,2.187127113342285
481,2.1806230545043945
482,2.1995773315429688
483,2.1864774227142334
484,2.1857738494873047
485,2.1898350715637207
486,2.1890316009521484
487,2.186277151107788
488,2.1888370513916016
489,2.1846537590026855
490,2.1824755668640137
491,2.178213119506836
492,2.1763832569122314
493,2.179799795150757
494,2.1846156120300293
495,2.175351619720459
496,2.1811106204986572
497,2.1877493858337402
498,2.194065570831299
499,2.1820573806762695
500,2.193835496902466
501,2.181762933731079
502,2.1794934272766113
503,2.1959567070007324
504,2.1962943077087402
505,2.1990487575531006
506,2.194417715072632
507,2.193662166595459
508,2.1945176124572754
509,2.1798479557037354
510,2.181894063949585
511,2.1815645694732666
512,2.1847715377807617
513,2.187821388244629
514,2.177259922027588
515,2.1872940063476562
516,2.184887409210205
517,2.1885128021240234
518,2.1854705810546875
519,2.1893506050109863
520,2.189357042312622
521,2.1901626586914062
522,2.1848607063293457
523,2.1937594413757324
524,2.1952123641967773
525,2.1863133907318115
526,2.1950695514678955
527,2.1990137100219727
528,2.1957268714904785
529,2.203327178955078
530,2.1897029876708984
531,2.1979541778564453
532,2.1927924156188965
533,2.184398651123047
534,2.1894185543060303
535,2.2052412033081055
536,2.202500343322754
537,2.1964375972747803
538,2.192579984664917
539,2.1948535442352295
540,2.1935484409332275
541,2.194938898086548
542,2.196218490600586
543,2.193186044692993
544,2.200003147125244
545,2.194216728210449
546,2.1941049098968506
547,2.1889772415161133
548,2.191488742828369
549,2.192523956298828
550,2.195849895477295
551,2.2144999504089355
552,2.205441474914551
553,2.2058982849121094
554,2.2017691135406494
555,2.2067575454711914
556,2.1970577239990234
557,2.1964657306671143
558,2.1999077796936035
559,2.1967310905456543
560,2.1959099769592285
561,2.2010560035705566
562,2.210361957550049
563,2.2037410736083984
564,2.2155327796936035
565,2.207944869995117
566,2.1973743438720703
567,2.2129626274108887
568,2.2030632495880127
569,2.2049758434295654
570,2.2010915279388428
571,2.1977338790893555
572,2.215056896209717
573,2.1981325149536133
574,2.205350399017334
575,2.211167812347412
576,2.204150676727295
577,2.1911118030548096
578,2.2035202980041504
579,2.2259864807128906
580,2.2041401863098145
581,2.2193922996520996
582,2.214750289916992
583,2.231807231903076
584,2.2263245582580566
585,2.2211997509002686
586,2.220207691192627
587,2.2306227684020996
588,2.2326107025146484
589,2.2356040477752686
590,2.2294580936431885
591,2.2298202514648438
592,2.233083724975586
593,2.237776517868042
594,2.230128049850464
595,2.2311840057373047
596,2.2315187454223633
597,2.229271411895752
598,2.2222790718078613
599,2.2431697845458984
600,2.2439229488372803
601,2.225367546081543
602,2.2192931175231934
603,2.2364614009857178
604,2.224606513977051
605,2.224332809448242
606,2.235602617263794
607,2.2404956817626953
608,2.240736484527588
609,2.2321484088897705
610,2.232835054397583
611,2.232516288757324
612,2.232485055923462
613,2.2310476303100586
614,2.244546890258789
615,2.2482552528381348
616,2.2236485481262207
617,2.2380480766296387
618,2.221209764480591
619,2.2354037761688232
620,2.2176706790924072
621,2.2356348037719727
622,2.240262031555176
623,2.243919849395752
624,2.2276864051818848
625,2.2447121143341064
626,2.2428932189941406
627,2.2489852905273438
628,2.244279623031616
629,2.2502408027648926
630,2.2586727142333984
631,2.258204698562622
632,2.2598371505737305
633,2.266294479370117
634,2.2508890628814697
635,2.2563724517822266
636,2.257704257965088
637,2.2435426712036133
638,2.2611968517303467
639,2.257481575012207
640,2.2607903480529785
641,2.2596707344055176
642,2.259190797805786
643,2.2704343795776367
644,2.2655880451202393
645,2.262244701385498
646,2.271695375442505
647,2.2614619731903076
648,2.253462791442871
649,2.264737844467163
650,2.2579946517944336
651,2.2612390518188477
652,2.2647876739501953
653,2.258640766143799
654,2.262866973876953
655,2.2620086669921875
656,2.2640159130096436
657,2.267951488494873
658,2.2604827880859375
659,2.268402099609375
660,2.272158622741699
661,2.2722249031066895
662,2.2759389877319336
663,2.273038148880005
664,2.2758877277374268
665,2.2752599716186523
666,2.2727396488189697
667,2.2676191329956055
668,2.271315097808838
669,2.2774875164031982
670,2.265134572982788
671,2.258765459060669
672,2.2705817222595215
673,2.281981945037842
674,2.282256603240967
675,2.2841906547546387
676,2.276498794555664
677,2.2847113609313965
678,2.2820589542388916
679,2.284027576446533
680,2.2965621948242188
681,2.287456750869751
682,2.2678117752075195
683,2.277100086212158
684,2.282583713531494
685,2.2918896675109863
686,2.292776107788086
687,2.2875285148620605
688,2.2945423126220703
689,2.291069507598877
690,2.296825647354126
691,2.2949633598327637
692,2.2891602516174316
693,2.294346332550049
694,2.2805004119873047
695,2.29445481300354
696,2.300326347351074
697,2.2934956550598145
698,2.294034481048584
699,2.287832021713257
700,2.290238857269287
701,2.289970874786377
702,2.285820245742798
703,2.2877116203308105
704,2.3024864196777344
705,2.2842183113098145
706,2.2880444526672363
707,2.280430793762207
708,2.3021440505981445
709,2.2920475006103516
710,2.3041188716888428
711,2.3131942749023438
712,2.3114936351776123
713,2.319927930831909
714,2.3035383224487305
715,2.307178497314453
716,2.320889472961426
717,2.313094139099121
718,2.311408519744873
719,2.313828468322754
720,2.3162879943847656
721,2.306753635406494
722,2.311220645904541
723,2.3248345851898193
724,2.3166627883911133
725,2.308910608291626
726,2.3183584213256836
727,2.3130648136138916
728,2.313612461090088
729,2.312526226043701
730,2.3332176208496094
731,2.3234195709228516
732,2.3201608657836914
733,2.3234593868255615
734,2.326899290084839
735,2.332019329071045
736,2.329789400100708
737,2.331793785095215
738,2.329671621322632
739,2.3308708667755127
740,2.327745199203491
741,2.3208580017089844
742,2.3346078395843506
743,2.330754041671753
744,2.3181729316711426
745,2.325324773788452
746,2.3445425033569336
747,2.318633794784546
748,2.328436851501465
749,2.3321781158447266
750,2.3204712867736816
751,2.327101707458496
752,2.3304696083068848
753,2.3122148513793945
754,2.3235487937927246
755,2.3417327404022217
756,2.3532071113586426
757,2.3298726081848145
758,2.330881118774414
759,2.341703176498413
760,2.338515520095825
761,2.329414129257202
762,2.3421435356140137
763,2.343109130859375
764,2.3337082862854004
765,2.3395488262176514
766,2.34079909324646
767,2.3452601432800293
768,2.34849214553833
769,2.341391086578369
770,2.343780994415283
771,2.3455653190612793
772,2.352104663848877
773,2.34808349609375
774,2.33713960647583
775,2.3509275913238525
776,2.3556318283081055
777,2.3444151878356934
778,2.3490233421325684
779,2.355522871017456
780,2.3552846908569336
781,2.348137855529785
782,2.349457025527954
783,2.3445987701416016
784,2.362684726715088
785,2.3603286743164062
786,2.347036123275757
787,2.368924617767334
788,2.3482704162597656
789,2.3447675704956055
790,2.350189447402954
791,2.3668534755706787
792,2.357936382293701
793,2.353691577911377
794,2.3527286052703857
795,2.3602521419525146
796,2.3617687225341797
797,2.3611693382263184
798,2.364854335784912
799,2.3679070472717285
800,2.3669257164001465
801,2.353952407836914
802,2.3553884029388428
803,2.372509002685547
804,2.3660624027252197
805,2.3776793479919434
806,2.359816789627075
807,2.36187744140625
808,2.3659379482269287
809,2.374659538269043
810,2.3585026264190674
811,2.375126361846924
812,2.3639159202575684
813,2.365020751953125
814,2.3727641105651855
815,2.3627843856811523
816,2.3659751415252686
817,2.362597942352295
818,2.352555990219116
819,2.359682321548462
820,2.3533596992492676
821,2.372281551361084
822,2.3604331016540527
823,2.368483781814575
824,2.356518268585205
825,2.3579654693603516
826,2.3632240295410156
827,2.36628794670105
828,2.3703384399414062
829,2.3760223388671875
830,2.3806982040405273
831,2.3717424869537354
832,2.373429298400879
833,2.3648862838745117
834,2.3646321296691895
835,2.3704512119293213
836,2.3709001541137695
837,2.3556103706359863
838,2.365546941757202
839,2.3776094913482666
840,2.35955810546875
841,2.3678057193756104
842,2.367919445037842
843,2.3713953495025635
844,2.364387273788452
845,2.3738415241241455
846,2.3865842819213867
847,2.3576064109802246
848,2.3706324100494385
849,2.3603224754333496
850,2.379164457321167
851,2.387080192565918
852,2.3923861980438232
853,2.3798553943634033
854,2.376641035079956
855,2.385019540786743
856,2.374655246734619
857,2.371420383453369
858,2.3866209983825684
859,2.3765382766723633
860,2.369443893432617
861,2.38114070892334
862,2.37607741355896
863,2.37032413482666
864,2.4015719890594482
865,2.3802452087402344
866,2.397860527038574
867,2.3878941535949707
868,2.3762402534484863
869,2.376246213912964
870,2.3939454555511475
871,2.371720790863037
872,2.387328863143921
873,2.3767409324645996
874,2.3893518447875977
875,2.380349636077881
876,2.3815486431121826
877,2.3835978507995605
878,2.3978331089019775
879,2.3850460052490234
880,2.4037928581237793
881,2.3899660110473633
882,2.3969359397888184
883,2.3916921615600586
884,2.4021739959716797
885,2.4013638496398926
886,2.408871650695801
887,2.4024243354797363
888,2.401026964187622
889,2.4084553718566895
890,2.405897855758667
891,2.404867172241211
892,2.400737762451172
893,2.3932743072509766
894,2.40411114692688
895,2.387638807296753
896,2.422550916671753
897,2.3929715156555176
898,2.3936080932617188
899,2.3978421688079834
900,2.4038314819335938
901,2.3885679244995117
902,2.407116413116455
903,2.408524513244629
904,2.4011218547821045
905,2.409127712249756
906,2.40240478515625
907,2.4126996994018555
908,2.404294490814209
909,2.373900890350342
910,2.3880581855773926
911,2.392698287963867
912,2.378899097442627
913,2.3970165252685547
914,2.403963565826416
915,2.3960399627685547
916,2.3966729640960693
917,2.404966354370117
918,2.3891282081604004
919,2.383920669555664
920,2.4096920490264893
921,2.416315793991089
922,2.403292417526245
923,2.3951773643493652
924,2.4040887355804443
925,2.403325319290161
926,2.410003185272217
927,2.398738384246826
928,2.395193338394165
929,2.4028480052948
930,2.4127931594848633
931,2.406620979309082
932,2.41548228263855
933,2.4048843383789062
934,2.4086813926696777
935,2.392418146133423
936,2.4239754676818848
937,2.4142589569091797
938,2.3986032009124756
939,2.4055655002593994
940,2.416276216506958
941,2.4067044258117676
942,2.3935294151306152
943,2.410280466079712
944,2.424895763397217
945,2.40887188911438
946,2.395984411239624
947,2.413633346557617
948,2.405719757080078
949,2.403175115585327
950,2.3990674018859863
951,2.417969226837158
952,2.408113956451416
953,2.4196858406066895
954,2.4090754985809326
955,2.4079787731170654
956,2.4220805168151855
957,2.415644645690918
958,2.4204888343811035
959,2.4194750785827637
960,2.4082679748535156
961,2.411738872528076
962,2.4091665744781494
963,2.4149513244628906
964,2.4082465171813965
965,2.4141502380371094
966,2.4117703437805176
967,2.40500545501709
968,2.4091298580169678
969,2.4114723205566406
970,2.426933765411377
971,2.4270217418670654
972,2.4309604167938232
973,2.4291634559631348
974,2.435194969177246
975,2.4104676246643066
976,2.425548553466797
977,2.424551010131836
978,2.4202942848205566
979,2.4253392219543457
980,2.417118787765503
981,2.4278855323791504
982,2.428837776184082
983,2.421682834625244
984,2.4192957878112793
985,2.4083433151245117
986,2.4164087772369385
987,2.4197158813476562
988,2.439108371734619
989,2.427088737487793
990,2.4289050102233887
991,2.433112621307373
992,2.433103084564209
993,2.4155337810516357
994,2.4167909622192383
995,2.4150266647338867
996,2.417696714401245
997,2.4183454513549805
998,2.422654151916504
999,2.4427475929260254
1000,2.417548179626465
1001,2.427339553833008
1002,2.4148340225219727
1003,2.4324746131896973
1004,2.431486129760742
1005,2.439955472946167
1006,2.4265904426574707
1007,2.424776554107666
1008,2.421776294708252
1009,2.4264822006225586
1010,2.4262166023254395
1011,2.418067455291748
1012,2.420640468597412
1013,2.420199394226074
1014,2.4350838661193848
1015,2.423794746398926
1016,2.410414695739746
1017,2.4220337867736816
1018,2.4275803565979004
1019,2.4307503700256348
1020,2.4271297454833984
1021,2.4297749996185303
1022,2.429375648498535
1023,2.4152791500091553
1024,2.431997537612915
1025,2.41867733001709
1026,2.4351720809936523
1027,2.4275336265563965
1028,2.417846202850342
1029,2.4194464683532715
1030,2.41123366355896
1031,2.423476219177246
1032,2.431264877319336
1033,2.4320313930511475
1034,2.4373364448547363
1035,2.4367852210998535
1036,2.4497532844543457
1037,2.4538371562957764
1038,2.4342260360717773
1039,2.440695285797119
1040,2.444920301437378
1041,2.4295878410339355
1042,2.439802646636963
1043,2.4379520416259766
1044,2.424912214279175
1045,2.443272113800049
1046,2.428974151611328
1047,2.425887107849121
1048,2.4305896759033203
1049,2.4243972301483154
1050,2.425072193145752
1051,2.4304113388061523
1052,2.4307138919830322
1053,2.425316095352173
1054,2.431285858154297
1055,2.425349712371826
1056,2.4403514862060547
1057,2.4391746520996094
1058,2.431694507598877
1059,2.436598777770996
1060,2.4402148723602295
1061,2.440253734588623
1062,2.438885450363159
1063,2.4330077171325684
1064,2.444307327270508
1065,2.45415997505188
1066,2.4586029052734375
1067,2.4491665363311768
1068,2.456634998321533
1069,2.4433481693267822
1070,2.4412732124328613
1071,2.4503774642944336
1072,2.4421732425689697
1073,2.4449353218078613
1074,2.454890727996826
1075,2.4448862075805664
1076,2.451530694961548
1077,2.4596805572509766
1078,2.457512378692627
1079,2.4349749088287354
1080,2.4491934776306152
1081,2.448126792907715
1082,2.4585299491882324
1083,2.4578187465667725
1084,2.4591615200042725
1085,2.464698314666748
1086,2.44189453125
1087,2.4587202072143555
1088,2.4627819061279297
1089,2.454603672027588
1090,2.4497156143188477
1091,2.452174186706543
1092,2.4638490676879883
1093,2.4615626335144043
1094,2.4493484497070312
1095,2.45560622215271
1096,2.4606270790100098
1097,2.4590232372283936
1098,2.4628713130950928
1099,2.4648067951202393
1100,2.4567480087280273
1101,2.4564735889434814
1102,2.4585535526275635
1103,2.463531970977783
1104,2.45672869682312
1105,2.449723720550537
1106,2.4435131549835205
1107,2.451235771179199
1108,2.4716999530792236
1109,2.482353448867798
1110,2.469449758529663
1111,2.4757940769195557
1112,2.46148681640625
1113,2.46555233001709
1114,2.482597827911377
1115,2.459840774536133
1116,2.465472936630249
1117,2.469477653503418
1118,2.474046230316162
1119,2.446882724761963
1120,2.4514777660369873
1121,2.456575870513916
1122,2.460195541381836
1123,2.463663339614868
1124,2.456218719482422
1125,2.4600741863250732
1126,2.466360092163086
1127,2.45827317237854
1128,2.4610214233398438
1129,2.453693389892578
1130,2.459054708480835
1131,2.4542815685272217
1132,2.4559993743896484
1133,2.4757275581359863
1134,2.465880870819092
1135,2.4647111892700195
1136,2.459829568862915
1137,2.4702095985412598
1138,2.4574098587036133
1139,2.4515485763549805
1140,2.4575207233428955
1141,2.4631128311157227
1142,2.46488618850708
1143,2.4749295711517334
1144,2.4625260829925537
1145,2.474928855895996
1146,2.4590704441070557
1147,2.471269369125366
1148,2.4688057899475098
1149,2.470188856124878
1150,2.4813947677612305
1151,2.4642081260681152
1152,2.4771909713745117
1153,2.480821132659912
1154,2.4751367568969727
1155,2.465038776397705
1156,2.476081132888794
1157,2.45589542388916
1158,2.472076892852783
1159,2.4751129150390625
1160,2.4678382873535156
1161,2.4731593132019043
1162,2.468534469604492
1163,2.476580858230591
1164,2.468665599822998
1165,2.4640960693359375
1166,2.4797425270080566
1167,2.4730985164642334
1168,2.4765913486480713
1169,2.482192039489746
1170,2.466102123260498
1171,2.4675822257995605
1172,2.4734046459198
1173,2.4740958213806152
1174,2.4701852798461914
1175,2.4760260581970215
1176,2.4723033905029297
1177,2.4868526458740234
1178,2.461352825164795
1179,2.478084087371826
1180,2.460449695587158
1181,2.463613510131836
1182,2.4679670333862305
1183,2.482084035873413
1184,2.483476400375366
1185,2.4666666984558105
1186,2.498663902282715
1187,2.480041980743408
1188,2.4784927368164062
1189,2.482457160949707
1190,2.477766513824463
1191,2.492030143737793
1192,2.4844884872436523
1193,2.471683979034424
1194,2.4789161682128906
1195,2.489978075027466
1196,2.4966487884521484
1197,2.486319065093994
1198,2.469666004180908
1199,2.505446434020996
1200,2.4838695526123047
1201,2.485691547393799
1202,2.4921767711639404
1203,2.4760165214538574
1204,2.4901599884033203
1205,2.481942653656006
1206,2.475839853286743
1207,2.485501766204834
1208,2.491157293319702
1209,2.4709534645080566
1210,2.482056140899658
1211,2.479368209838867
1212,2.490435838699341
1213,2.481133460998535
1214,2.4812560081481934
1215,2.4911677837371826
1216,2.480447292327881
1217,2.465193271636963
1218,2.4813146591186523
1219,2.488032579421997
1220,2.470168113708496
1221,2.479560613632202
1222,2.4841809272766113
1223,2.4871983528137207
1224,2.47544527053833
1225,2.488938570022583
1226,2.483275890350342
1227,2.4933359622955322
1228,2.4824016094207764
1229,2.507096290588379
1230,2.5031633377075195
1231,2.489025354385376
1232,2.4920427799224854
1233,2.4957070350646973
1234,2.4736950397491455
1235,2.488132953643799
1236,2.4831550121307373
1237,2.4845938682556152
1238,2.4954872131347656
1239,2.47857403755188
1240,2.48946475982666
1241,2.474834680557251
1242,2.4801735877990723
1243,2.479708671569824
1244,2.4779720306396484
1245,2.501865863800049
1246,2.4841558933258057
1247,2.493147134780884
1248,2.483455181121826
1249,2.4959754943847656
1250,2.4978222846984863
1251,2.4858152866363525
1252,2.493886709213257
1253,2.494924545288086
1254,2.4995765686035156
1255,2.5021791458129883
1256,2.482052803039551
1257,2.489215135574341
1258,2.515256404876709
1259,2.4992785453796387
1260,2.5063860416412354
1261,2.4928808212280273
1262,2.4973649978637695
1263,2.500669002532959
1264,2.4851841926574707
1265,2.503073215484619
1266,2.498082399368286
1267,2.497617721557617
1268,2.489280939102173
1269,2.489872932434082
1270,2.500702381134033
1271,2.4933786392211914
1272,2.4989068508148193
1273,2.5098581314086914
1274,2.5011606216430664
1275,2.4859371185302734
1276,2.5099329948425293
1277,2.4834649562835693
1278,2.5076842308044434
1279,2.5155599117279053
1280,2.5077121257781982
1281,2.5016846656799316
1282,2.5078086853027344
1283,2.522953987121582
1284,2.510067939758301
1285,2.506002187728882
1286,2.5103039741516113
1287,2.5133628845214844
1288,2.5186402797698975
1289,2.504883289337158
1290,2.5215091705322266
1291,2.504509925842285
1292,2.5123074054718018
1293,2.505131959915161
1294,2.501830816268921
1295,2.509096145629883
1296,2.500542163848877
1297,2.490452527999878
1298,2.4977502822875977
1299,2.5107927322387695
1300,2.5028276443481445
1301,2.495680809020996
1302,2.494307279586792
1303,2.5023295879364014
1304,2.5036873817443848
1305,2.514784336090088
1306,2.50569486618042
1307,2.518160343170166
1308,2.5128674507141113
1309,2.5219154357910156
1310,2.4971766471862793
1311,2.506533145904541
1312,2.5251593589782715
1313,2.5332300662994385
1314,2.5109305381774902
1315,2.536195755004883
1316,2.5472755432128906
1317,2.540297508239746
1318,2.5304501056671143
1319,2.5175604820251465
1320,2.5370171070098877
1321,2.543437957763672
1322,2.537140130996704
1323,2.544739246368408
1324,2.538571357727051
1325,2.5332841873168945
1326,2.5159659385681152
1327,2.5200490951538086
1328,2.5248215198516846
1329,2.5282845497131348
1330,2.5361223220825195
1331,2.5196075439453125
1332,2.534027576446533
1333,2.540660858154297
1334,2.543511390686035
1335,2.5181453227996826
1336,2.5301074981689453
1337,2.542548656463623
1338,2.533799171447754
1339,2.545107841491699
1340,2.520509958267212
1341,2.5138208866119385
1342,2.526973009109497
1343,2.5371956825256348
1344,2.526857376098633
1345,2.541614532470703
1346,2.541361093521118
1347,2.5322787761688232
1348,2.544708013534546
1349,2.5492987632751465
1350,2.54068660736084
1351,2.5484557151794434
1352,2.55989933013916
1353,2.533967971801758
1354,2.5358991622924805
1355,2.5493922233581543
1356,2.5405683517456055
1357,2.551098108291626
1358,2.5466697216033936
1359,2.5522868633270264
1360,2.538487434387207
1361,2.546119213104248
1362,2.5462329387664795
1363,2.5469510555267334
1364,2.5288772583007812
1365,2.5598464012145996
1366,2.537386178970337
1367,2.5254297256469727
1368,2.5565714836120605
1369,2.548798084259033
1370,2.552137851715088
1371,2.5424931049346924
1372,2.5405755043029785
1373,2.5486249923706055
1374,2.5490214824676514
1375,2.556218147277832
1376,2.542348623275757
1377,2.5433030128479004
1378,2.5473339557647705
1379,2.5560712814331055
1380,2.5597128868103027
1381,2.5667784214019775
1382,2.5479202270507812
1383,2.559885025024414
1384,2.5572667121887207
1385,2.5512213706970215
1386,2.55776047706604
1387,2.555765151977539
1388,2.5535123348236084
1389,2.565577983856201
1390,2.564296245574951
1391,2.565700054168701
1392,2.570891857147217
1393,2.575472354888916
1394,2.568542957305908
1395,2.572535514831543
1396,2.5771448612213135
1397,2.5586438179016113
1398,2.560288906097412
1399,2.564976215362549
1400,2.5555264949798584
1401,2.569591760635376
1402,2.551558256149292
1403,2.551821708679199
1404,2.559112071990967
1405,2.5486018657684326
1406,2.5725109577178955
1407,2.5700697898864746
1408,2.5573551654815674
1409,2.550027847290039
1410,2.555506706237793
1411,2.565903425216675
1412,2.5841619968414307
1413,2.561628818511963
1414,2.551196575164795
1415,2.552006244659424
1416,2.5653300285339355
1417,2.5565552711486816
1418,2.5520668029785156
1419,2.561957359313965
1420,2.563966751098633
1421,2.551222085952759
1422,2.544862747192383
1423,2.5443081855773926
1424,2.5718400478363037
1425,2.5407276153564453
1426,2.560183048248291
1427,2.563659191131592
1428,2.556795597076416
1429,2.562595844268799
1430,2.559781551361084
1431,2.5635197162628174
1432,2.572205066680908
1433,2.5580830574035645
1434,2.558232307434082
1435,2.575451612472534
1436,2.5826516151428223
1437,2.570173501968384
1438,2.5728721618652344
1439,2.5735397338867188
1440,2.5647943019866943
1441,2.5774192810058594
1442,2.5740461349487305
1443,2.581791400909424
1444,2.571068286895752
1445,2.5710577964782715
1446,2.573169708251953
1447,2.5759923458099365
1448,2.5862252712249756
1449,2.5909366607666016
1450,2.5713648796081543
1451,2.5806074142456055
1452,2.5550460815429688
1453,2.5723769664764404
1454,2.571381092071533
1455,2.563328981399536
1456,2.5723371505737305
1457,2.5732784271240234
1458,2.5660269260406494
1459,2.5570788383483887
1460,2.5712807178497314
1461,2.569065570831299
1462,2.5729339122772217
1463,2.5781986713409424
1464,2.5730206966400146
1465,2.5707383155822754
1466,2.5812950134277344
1467,2.5751256942749023
1468,2.5848426818847656
1469,2.6035566329956055
1470,2.5720725059509277
1471,2.567136526107788
1472,2.592432975769043
1473,2.5776233673095703
1474,2.583465576171875
1475,2.586668014526367
1476,2.5682120323181152
1477,2.572368621826172
1478,2.5699973106384277
1479,2.5743818283081055
1480,2.579106569290161
1481,2.5670206546783447
1482,2.5717363357543945
1483,2.5623691082000732
1484,2.583056926727295
1485,2.571953773498535
1486,2.5944886207580566
1487,2.590686321258545
1488,2.5706446170806885
1489,2.574185609817505
1490,2.580735921859741
1491,2.576012134552002
1492,2.5878334045410156
1493,2.577816963195801
1494,2.585528612136841
1495,2.577471971511841
1496,2.5815749168395996
1497,2.592324733734131
1498,2.586488723754883
1499,2.581235885620117
1500,2.573063850402832
1501,2.593325138092041
1502,2.586851119995117
1503,2.5841875076293945
1504,2.574852228164673
1505,2.575450897216797
1506,2.5821409225463867
1507,2.581623077392578
1508,2.570655345916748
1509,2.6007986068725586
1510,2.58837890625
1511,2.5759129524230957
1512,2.577414035797119
1513,2.587817668914795
1514,2.579054832458496
1515,2.5934176445007324
1516,2.5765769481658936
1517,2.5768394470214844
1518,2.5797433853149414
1519,2.582083225250244
1520,2.585444450378418
1521,2.5804829597473145
1522,2.5824053287506104
1523,2.5706305503845215
1524,2.57502818107605
1525,2.577442169189453
1526,2.575127601623535
1527,2.577000141143799
1528,2.5873231887817383
1529,2.594533920288086
1530,2.5911052227020264
1531,2.5748000144958496
1532,2.572575330734253
1533,2.5665249824523926
1534,2.5878689289093018
1535,2.5776162147521973
1536,2.57798433303833
1537,2.5448830127716064
1538,2.5725655555725098
1539,2.5645859241485596
1540,2.572148323059082
1541,2.5797576904296875
1542,2.5659842491149902
1543,2.5826826095581055
1544,2.574350595474243
1545,2.573383331298828
1546,2.560913562774658
1547,2.572648048400879
1548,2.5903046131134033
1549,2.580075263977051
1550,2.5604872703552246
1551,2.5494349002838135
1552,2.5642547607421875
1553,2.591981887817383
1554,2.5727250576019287
1555,2.5847158432006836
1556,2.586615562438965
1557,2.57952880859375
1558,2.5948972702026367
1559,2.596621513366699
1560,2.600884437561035
1561,2.5948472023010254
1562,2.5859899520874023
1563,2.585862159729004
1564,2.588970899581909
1565,2.5794005393981934
1566,2.589942455291748
1567,2.5841517448425293
1568,2.5761241912841797
1569,2.57481050491333
1570,2.576056718826294
1571,2.5589256286621094
1572,2.5620505809783936
1573,2.5707192420959473
1574,2.572925329208374
1575,2.577324390411377
1576,2.582242965698242
1577,2.570038318634033
1578,2.571927070617676
1579,2.5765953063964844
1580,2.569791793823242
1581,2.5740442276000977
1582,2.599236011505127
1583,2.574946641921997
1584,2.5733096599578857
1585,2.590916872024536
1586,2.5769455432891846
1587,2.5880837440490723
1588,2.5709023475646973
1589,2.588762044906616
1590,2.5883946418762207
1591,2.573923110961914
1592,2.578902244567871
1593,2.5663578510284424
1594,2.5664515495300293
1595,2.5778019428253174
1596,2.5656344890594482
1597,2.5828003883361816
1598,2.5620977878570557
1599,2.5605950355529785
1600,2.564922332763672
1601,2.572861433029175
1602,2.5831563472747803
1603,2.5673162937164307
1604,2.573399782180786
1605,2.583928108215332
1606,2.5836892127990723
1607,2.577582836151123
1608,2.556013584136963
1609,2.5703177452087402
1610,2.567351818084717
1611,2.575498104095459
1612,2.5801286697387695
1613,2.5722649097442627
1614,2.567885398864746
1615,2.5776796340942383
1616,2.5810282230377197
1617,2.5709967613220215
1618,2.584118604660034
1619,2.5739030838012695
1620,2.5699357986450195
1621,2.5814194679260254
1622,2.570746898651123
1623,2.5599560737609863
1624,2.5800225734710693
1625,2.573437213897705
1626,2.584338665008545
1627,2.5770769119262695
1628,2.5623013973236084
1629,2.5868048667907715
1630,2.574906349182129
1631,2.5962114334106445
1632,2.581608533859253
1633,2.5911471843719482
1634,2.580141544342041
1635,2.5727972984313965
1636,2.574368715286255
1637,2.563744068145752
1638,2.5681118965148926
1639,2.5816798210144043
1640,2.5517892837524414
1641,2.559661388397217
1642,2.5683298110961914
1643,2.570218324661255
1644,2.576353073120117
1645,2.5792436599731445
1646,2.559954881668091
1647,2.5859131813049316
1648,2.5765116214752197
1649,2.55954909324646
1650,2.565006971359253
1651,2.578136920928955
1652,2.5604100227355957
1653,2.5757648944854736
1654,2.554548740386963
1655,2.5517520904541016
1656,2.550076723098755
1657,2.563082695007324
1658,2.5714447498321533
1659,2.5720572471618652
1660,2.5574440956115723
1661,2.5585997104644775
1662,2.558316230773926
1663,2.5675835609436035
1664,2.588069438934326
1665,2.575504779815674
1666,2.570284366607666
1667,2.5659050941467285
1668,2.562668800354004
1669,2.549471855163574
1670,2.5606393814086914
1671,2.5373809337615967
1672,2.555543899536133
1673,2.5742108821868896
1674,2.561326503753662
1675,2.574385166168213
1676,2.5731711387634277
1677,2.568598747253418
1678,2.5814428329467773
1679,2.5612831115722656
1680,2.577178955078125
1681,2.5672287940979004
1682,2.5633652210235596
1683,2.575859546661377
1684,2.5747122764587402
1685,2.5880846977233887
1686,2.5817432403564453
1687,2.589992046356201
1688,2.600654363632202
1689,2.584434986114502
1690,2.579155921936035
1691,2.5810585021972656
1692,2.5749335289001465
1693,2.5838677883148193
1694,2.5769643783569336
1695,2.580505847930908
1696,2.57137393951416
1697,2.5866196155548096
1698,2.58225417137146
1699,2.578596591949463
1700,2.589170455932617
1701,2.5858304500579834
1702,2.5761008262634277
1703,2.5730388164520264
1704,2.5573315620422363
1705,2.566077470779419
1706,2.566117525100708
1707,2.5742897987365723
1708,2.5735087394714355
1709,2.557835578918457
1710,2.5780258178710938
1711,2.562419891357422
1712,2.558405637741089
1713,2.556075096130371
1714,2.564023494720459
1715,2.565204381942749
1716,2.5613791942596436
1717,2.569175958633423
1718,2.5809502601623535
1719,2.5769453048706055
1720,2.5760223865509033
1721,2.5651960372924805
1722,2.583728313446045
1723,2.564551830291748
1724,2.5645971298217773
1725,2.5698060989379883
1726,2.5814690589904785
1727,2.571037769317627
1728,2.5737571716308594
1729,2.569028854370117
1730,2.5811827182769775
1731,2.584336280822754
1732,2.563955307006836
1733,2.583312511444092
1734,2.575129747390747
1735,2.5688390731811523
1736,2.58644437789917
1737,2.585659980773926
1738,2.5836167335510254
1739,2.5739078521728516
1740,2.5796639919281006
1741,2.582582950592041
1742,2.567413091659546
1743,2.5903334617614746
1744,2.5917325019836426
1745,2.5935845375061035
1746,2.5939314365386963
1747,2.581779956817627
1748,2.576037645339966
1749,2.5737547874450684
1750,2.5772576332092285
1751,2.5854594707489014
1752,2.576650619506836
1753,2.5758628845214844
1754,2.5695106983184814
1755,2.569830894470215
1756,2.580191135406494
1757,2.575228214263916
1758,2.566051721572876
1759,2.5798282623291016
1760,2.565120220184326
1761,2.5760252475738525
1762,2.5806803703308105
1763,2.5775575637817383
1764,2.5892081260681152
1765,2.5762717723846436
1766,2.591399669647217
1767,2.5739359855651855
1768,2.572852373123169
1769,2.5751795768737793
1770,2.577073574066162
1771,2.579824209213257
1772,2.5801138877868652
1773,2.5708999633789062
1774,2.5765135288238525
1775,2.572403907775879
1776,2.5870471000671387
1777,2.5780487060546875
1778,2.5908374786376953
1779,2.5833816528320312
1780,2.5972158908843994
1781,2.5692038536071777
1782,2.595036268234253
1783,2.58223819732666
1784,2.591913938522339
1785,2.5815649032592773
1786,2.575686454772949
1787,2.591878652572632
1788,2.590789318084717
1789,2.576465129852295
1790,2.5747599601745605
1791,2.5835633277893066
1792,2.5765397548675537
1793,2.561800718307495
1794,2.5870509147644043
1795,2.578603506088257
1796,2.5863375663757324
1797,2.5847856998443604
1798,2.5677313804626465
1799,2.575213670730591
1800,2.582151412963867
1801,2.598370313644409
1802,2.5846104621887207
1803,2.5695149898529053
1804,2.5715668201446533
1805,2.5681471824645996
1806,2.564302444458008
1807,2.5832302570343018
1808,2.592869758605957
1809,2.5772175788879395
1810,2.5803041458129883
1811,2.5906152725219727
1812,2.5694127082824707
1813,2.588754177093506
1814,2.577995777130127
1815,2.591808795928955
1816,2.612511157989502
1817,2.587496757507324
1818,2.5831680297851562
1819,2.5902647972106934
1820,2.5923943519592285
1821,2.596879243850708
1822,2.598803997039795
1823,2.60792875289917
1824,2.6040031909942627
1825,2.5981903076171875
1826,2.5954504013061523
1827,2.5896406173706055
1828,2.579697608947754
1829,2.591400146484375
1830,2.57462739944458
1831,2.5788087844848633
1832,2.5825557708740234
1833,2.5894417762756348
1834,2.6083242893218994
1835,2.5854697227478027
1836,2.5894687175750732
1837,2.591388702392578
1838,2.5943541526794434
1839,2.601231575012207
1840,2.589618444442749
1841,2.59981369972229
1842,2.6009206771850586
1843,2.596254825592041
1844,2.598957061767578
1845,2.608095645904541
1846,2.604130744934082
1847,2.5901105403900146
1848,2.624145030975342
1849,2.589616298675537
1850,2.5854642391204834
1851,2.6039490699768066
1852,2.586967945098877
1853,2.5937376022338867
1854,2.6159753799438477
1855,2.6038849353790283
1856,2.610680341720581
1857,2.6054558753967285
1858,2.5886635780334473
1859,2.60903263092041
1860,2.6048576831817627
1861,2.6061713695526123
1862,2.592007637023926
1863,2.608388900756836
1864,2.6247570514678955
1865,2.6147217750549316
1866,2.6117467880249023
1867,2.615032196044922
1868,2.612976551055908
1869,2.6013169288635254
1870,2.5946881771087646
1871,2.600600004196167
1872,2.6282341480255127
1873,2.614537239074707
1874,2.5882668495178223
1875,2.599492311477661
1876,2.5926358699798584
1877,2.595060110092163
1878,2.591235637664795
1879,2.604170799255371
1880,2.603121280670166
1881,2.6129441261291504
1882,2.593482255935669
1883,2.6029927730560303
1884,2.6082582473754883
1885,2.6014151573181152
1886,2.6015472412109375
1887,2.621368408203125
1888,2.5848052501678467
1889,2.606619119644165
1890,2.6013243198394775
1891,2.5903711318969727
1892,2.5894503593444824
1893,2.5757863521575928
1894,2.5923924446105957
1895,2.5887537002563477
1896,2.5839333534240723
1897,2.586454391479492
1898,2.5814785957336426
1899,2.5991296768188477
1900,2.6080682277679443
1901,2.5985898971557617
1902,2.5805389881134033
1903,2.594939708709717
1904,2.5728278160095215
1905,2.5950469970703125
1906,2.5991134643554688
1907,2.5904273986816406
1908,2.6004116535186768
1909,2.6031856536865234
1910,2.5997462272644043
1911,2.59263014793396
1912,2.6021392345428467
1913,2.6117820739746094
1914,2.616783618927002
1915,2.6033613681793213
1916,2.6064300537109375
1917,2.607483386993408
1918,2.6129322052001953
1919,2.606898784637451
1920,2.601902723312378
1921,2.6002683639526367
1922,2.601431369781494
1923,2.6154403686523438
1924,2.61868953704834
1925,2.6331892013549805
1926,2.619173526763916
1927,2.6100614070892334
1928,2.59334659576416
1929,2.606513500213623
1930,2.5882749557495117
1931,2.6090798377990723
1932,2.6187777519226074
1933,2.6129281520843506
1934,2.612802028656006
1935,2.615561008453369
1936,2.617771625518799
1937,2.6088943481445312
1938,2.5883779525756836
1939,2.6046504974365234
1940,2.60290789604187
1941,2.6083879470825195
1942,2.6199159622192383
1943,2.58597993850708
1944,2.6069517135620117
1945,2.6191189289093018
1946,2.6129250526428223
1947,2.625457286834717
1948,2.6021945476531982
1949,2.613447666168213
1950,2.6063194274902344
1951,2.606456995010376
1952,2.590911388397217
1953,2.6246941089630127
1954,2.607218027114868
1955,2.612359046936035
1956,2.6157643795013428
1957,2.5951876640319824
1958,2.6129469871520996
1959,2.6176540851593018
1960,2.613811492919922
1961,2.6079375743865967
1962,2.610858917236328
1963,2.6140754222869873
1964,2.6125102043151855
1965,2.6166601181030273
1966,2.618584632873535
1967,2.6168417930603027
1968,2.624384880065918
1969,2.619525909423828
1970,2.62495493888855
1971,2.6274566650390625
1972,2.6152455806732178
1973,2.6148691177368164
1974,2.6117708683013916
1975,2.614915370941162
1976,2.616046190261841
1977,2.611849308013916
1978,2.6192784309387207
1979,2.616908073425293
1980,2.6141586303710938
1981,2.635580062866211
1982,2.6331357955932617
1983,2.636176586151123
1984,2.6170363426208496
1985,2.613269329071045
1986,2.6281726360321045
1987,2.609562873840332
1988,2.616551399230957
1989,2.6268601417541504
1990,2.632263660430908
1991,2.6293137073516846
1992,2.616926670074463
1993,2.629690170288086
1994,2.6365315914154053
1995,2.622380256652832
1996,2.6222052574157715
1997,2.618842840194702
1998,2.6185083389282227
