,Jr
0,-0.10074909031391144
1,-0.08966990560293198
2,-0.0716126337647438
3,-0.0627889633178711
4,-0.05594980716705322
5,-0.04676007479429245
6,-0.0426507443189621
7,-0.03575652837753296
8,-0.033146463334560394
9,-0.03174520656466484
10,-0.02471417747437954
11,-0.02647055685520172
12,-0.024171296507120132
13,-0.020783087238669395
14,-0.01583477482199669
15,-0.013387673534452915
16,-0.013035789132118225
17,-0.014322270639240742
18,-0.011491521261632442
19,-0.004244792275130749
20,-0.005552832502871752
21,-0.00779726542532444
22,-0.009336979128420353
23,-0.010182777419686317
24,-0.010698279365897179
25,-0.0034706222359091043
26,-0.0053524961695075035
27,0.0009186691022478044
28,-0.0007618822855874896
29,-0.007400851231068373
30,-0.008075404912233353
31,-0.0057546901516616344
32,0.002976927673444152
33,-0.0065563395619392395
34,-0.013189267367124557
35,-0.0035289600491523743
36,0.0062523758970201015
37,-0.0030301897786557674
38,-0.004907914437353611
39,-0.012045960873365402
40,-0.002623651409521699
41,-0.009142229333519936
42,0.0011115088127553463
43,-0.0057737319730222225
44,-0.0044136312790215015
45,-0.005247907713055611
46,-0.010264484211802483
47,0.003052924294024706
48,-0.012963859364390373
49,-0.0019400815945118666
50,-0.011258786544203758
51,-0.003380855545401573
52,-0.009014182724058628
53,-0.002472235355526209
54,-0.020917732268571854
55,0.0005186642520129681
56,0.0006568634416908026
57,0.0067588710226118565
58,-0.004939476028084755
59,-0.0002865418791770935
60,0.00556372944265604
61,-0.0024898312985897064
62,-0.0018677497282624245
63,0.0049063717015087605
64,-0.0010279647540301085
65,-0.0008030361495912075
66,-0.00764832878485322
67,-0.010860472917556763
68,0.0010719993151724339
69,-0.008157565258443356
70,0.005837149918079376
71,0.00021966081112623215
72,0.004494629800319672
73,-0.0047876182943582535
74,-0.00674107251688838
75,0.0008423537947237492
76,0.00494373356923461
77,-0.0013603466795757413
78,-0.0008764516096562147
79,-0.0014124184381216764
80,0.0023750809486955404
81,0.011689910665154457
82,-0.01106986217200756
83,0.001409473130479455
84,0.0007845591753721237
85,0.0021837959066033363
86,-0.0018668798729777336
87,0.0010056503815576434
88,-0.006821449380367994
89,0.003914054483175278
90,0.01111600361764431
91,0.0009248524438589811
92,0.008539190515875816
93,0.0030825177673250437
94,-0.00011184811592102051
95,-0.00962061993777752
96,-0.006488049402832985
97,0.003262446727603674
98,-0.0007326535414904356
99,-0.007232687436044216
100,-0.0023417097982019186
101,-0.0037550651468336582
102,-0.009818194434046745
103,-0.0032080840319395065
104,0.005469316616654396
105,0.007073011249303818
106,0.014843495562672615
107,-0.00276973401196301
108,0.0022193826735019684
109,-0.007401848677545786
110,-0.004623040556907654
111,-0.00372044974938035
112,0.0032419622875750065
113,-0.00344210397452116
114,0.0014588367193937302
115,-0.0040848166681826115
116,-0.012388131581246853
117,-0.006863952614367008
118,-0.016543444246053696
119,0.015035223215818405
120,0.004687384702265263
121,0.006807910278439522
122,0.004906810820102692
123,0.0065320879220962524
124,0.016958650201559067
125,0.007593579590320587
126,0.00019059539772570133
127,-0.007115811109542847
128,0.003395846812054515
129,0.0005231965333223343
130,-0.002173690591007471
131,-0.005808069370687008
132,0.009415736421942711
133,0.006454829126596451
134,0.011726370081305504
135,0.004659612197428942
136,0.011795938946306705
137,0.0012737400829792023
138,0.012873625382781029
139,0.011634893715381622
140,0.006384740583598614
141,0.002451184205710888
142,0.00839475728571415
143,0.008149944245815277
144,0.0033646211959421635
145,0.009883934631943703
146,-0.002933621173724532
147,0.00482482835650444
148,0.010788851417601109
149,0.019030775874853134
150,-0.002849031239748001
151,-0.00856590922921896
152,0.010339800268411636
153,0.004415202420204878
154,0.005367964506149292
155,0.012079923413693905
156,0.004050048068165779
157,0.006512060295790434
158,0.017949864268302917
159,0.0005838358774781227
160,0.002398221055045724
161,0.010884073562920094
162,0.008938951417803764
163,-0.013710839673876762
164,-0.0071897925809025764
165,0.007926089689135551
166,0.006170677952468395
167,0.005716671701520681
168,0.0050210170447826385
169,0.01660899817943573
170,0.0005463799461722374
171,-0.0005920142866671085
172,0.013536671176552773
173,0.006193539127707481
174,0.005675019696354866
175,0.009959225542843342
176,0.013338662683963776
177,0.018003005534410477
178,0.01579587161540985
179,0.010498150251805782
180,0.014094832353293896
181,0.018224535509943962
182,-0.008480355143547058
183,-0.0003478557337075472
184,0.013750271871685982
185,0.014322648756206036
186,0.008966809138655663
187,-0.004210103303194046
188,0.001850346103310585
189,0.011679332703351974
190,0.01856599561870098
191,-0.006057619117200375
192,-0.006918186321854591
193,0.013404113240540028
194,0.006660024169832468
195,0.01987769827246666
196,0.005792421288788319
197,0.011110417544841766
198,0.019680080935359
199,0.002171712927520275
200,0.010759302414953709
201,0.015821341425180435
202,0.008315855637192726
203,0.002912525087594986
204,0.005914654582738876
205,0.012541525065898895
206,0.011264506727457047
207,0.01217592228204012
208,0.014049344696104527
209,0.01352759636938572
210,0.006960788741707802
211,0.008389098569750786
212,0.002076100092381239
213,0.007471808698028326
214,0.02119835466146469
215,0.006116577889770269
216,0.01761741191148758
217,0.011498739942908287
218,-0.0009537870064377785
219,0.024420710280537605
220,0.023532815277576447
221,0.004497229121625423
222,0.011860769242048264
223,0.021200785413384438
224,0.014262288808822632
225,0.004882659763097763
226,0.00918053463101387
227,0.02295449562370777
228,0.013795735314488411
229,0.004639666527509689
230,0.004493311978876591
231,0.01557787787169218
232,0.015825781971216202
233,0.03926049917936325
234,0.01975126564502716
235,0.004148709587752819
236,0.018902510404586792
237,0.013694658875465393
238,0.03253350406885147
239,-0.004707810934633017
240,0.04255079850554466
241,0.017656397074460983
242,-0.01886160857975483
243,0.010581018403172493
244,0.006189080886542797
245,0.016975093632936478
246,0.028604459017515182
247,0.02053690329194069
248,0.0178912915289402
249,0.00810498371720314
250,0.00986658688634634
251,0.006917446386069059
252,0.017431216314435005
253,0.0034893930424004793
254,0.0031747054308652878
255,0.018706422299146652
256,0.008893541991710663
257,0.027548689395189285
258,0.02328656055033207
259,0.03567933291196823
260,0.009890196844935417
261,0.00872662290930748
262,0.02097630873322487
263,0.03711426630616188
264,0.04253217205405235
265,0.021897215396165848
266,0.016269568353891373
267,0.014937210828065872
268,0.007379495073109865
269,-0.0009715217165648937
270,0.030065398663282394
271,0.01515517383813858
272,0.02654961869120598
273,0.023138774558901787
274,0.014912555925548077
275,0.016808921471238136
276,0.026337232440710068
277,0.016102507710456848
278,0.0306855421513319
279,0.026241224259138107
280,0.01651792973279953
281,0.025855202227830887
282,0.026714257895946503
283,0.03201902657747269
284,0.04097093641757965
285,0.038480471819639206
286,0.03375239297747612
287,0.017997760325670242
288,0.05174153298139572
289,0.024593457579612732
290,0.03019329160451889
291,0.02937687560915947
292,0.022910432890057564
293,0.025130217894911766
294,0.020264996215701103
295,0.023562511429190636
296,0.03873465210199356
297,0.029970470815896988
298,0.03885149210691452
299,0.02981918677687645
300,0.026789577677845955
301,0.012689370661973953
302,0.019040774554014206
303,0.015289900824427605
304,0.021959327161312103
305,0.03835348039865494
306,0.02673080936074257
307,0.00982002355158329
308,0.0129392733797431
309,0.040881380438804626
310,0.03694431483745575
311,0.04056280106306076
312,0.018649475648999214
313,0.031797997653484344
314,0.034734342247247696
315,0.04735543578863144
316,0.03822965919971466
317,0.01684906706213951
318,0.03544221818447113
319,0.007215110119432211
320,0.0476304367184639
321,0.0480806827545166
322,0.034509699791669846
323,0.03376180678606033
324,0.020908553153276443
325,0.04314446449279785
326,0.04772935062646866
327,0.017041034996509552
328,0.0379771813750267
329,0.037715569138526917
330,0.01608348824083805
331,0.03554177284240723
332,0.06423430144786835
333,0.04165010154247284
334,0.03994122892618179
335,0.032285258173942566
336,0.007885142229497433
337,0.03535597026348114
338,0.031040778383612633
339,0.04616297781467438
340,0.04993298649787903
341,0.05643484368920326
342,0.04301980882883072
343,0.04478197917342186
344,0.036893121898174286
345,0.005073459818959236
346,0.029224727302789688
347,0.03805892914533615
348,0.052016809582710266
349,0.025726038962602615
350,0.01509757712483406
351,0.042652104049921036
352,0.038211870938539505
353,0.03718962520360947
354,0.039389029145240784
355,0.04545466601848602
356,0.03568468615412712
357,0.05129067972302437
358,0.03864152729511261
359,0.013448433950543404
360,0.04166042432188988
361,0.058798257261514664
362,0.047306276857852936
363,0.049444105476140976
364,0.036989450454711914
365,0.0515749454498291
366,0.042492691427469254
367,0.04637410119175911
368,0.04481595754623413
369,0.0661497563123703
370,0.05794345214962959
371,0.04809970781207085
372,0.048067621886730194
373,0.019777975976467133
374,0.02163289487361908
375,0.03458601236343384
376,0.032017480581998825
377,0.052778542041778564
378,0.019365552812814713
379,0.04865042120218277
380,0.054622434079647064
381,0.06793206930160522
382,0.053951941430568695
383,0.023377567529678345
384,0.04173872619867325
385,0.09947078675031662
386,0.056934189051389694
387,0.03067190572619438
388,0.03713361918926239
389,0.06681670993566513
390,0.048940323293209076
391,0.05481518805027008
392,0.060370899736881256
393,0.020526615902781487
394,0.05179553106427193
395,0.06355328112840652
396,0.08577147126197815
397,0.03036649525165558
398,0.06345492601394653
399,0.050561994314193726
400,0.03427911549806595
401,0.04013468325138092
402,0.03629164397716522
403,0.06503045558929443
404,0.013803518377244473
405,0.055159829556941986
406,0.05862719565629959
407,0.06993619352579117
408,0.05823826044797897
409,0.046463314443826675
410,0.0645102709531784
411,0.07617868483066559
412,0.062408447265625
413,0.06082339584827423
414,0.03400878608226776
415,0.08041135966777802
416,0.06853115558624268
417,0.028971845284104347
418,0.04384847730398178
419,0.04306783154606819
420,0.06149681657552719
421,0.07944577932357788
422,0.06393125653266907
423,0.06062324717640877
424,0.0931510478258133
425,0.056719083338975906
426,0.06794487684965134
427,0.10544928908348083
428,0.06602509319782257
429,0.0629553496837616
430,0.0788358598947525
431,0.07789361476898193
432,0.05593733489513397
433,0.030918512493371964
434,0.036606837064027786
435,0.04549478739500046
436,0.04237375408411026
437,0.08387745916843414
438,0.07126419991254807
439,0.10976534336805344
440,0.10666204988956451
441,0.010137509554624557
442,0.057528965175151825
443,0.059221163392066956
444,0.02240799553692341
445,0.04964832961559296
446,0.06817753612995148
447,0.0572156198322773
448,0.0707804337143898
449,0.10526874661445618
450,0.046968236565589905
451,0.10234323143959045
452,0.05857791751623154
453,0.061774685978889465
454,0.06632594019174576
455,0.057928089052438736
456,0.07458296418190002
457,0.0930963009595871
458,0.0505683496594429
459,0.10876771807670593
460,0.044611312448978424
461,0.04826483130455017
462,0.09036033600568771
463,0.07154504954814911
464,0.03645297512412071
465,0.06463953852653503
466,0.05070977658033371
467,0.07386916130781174
468,0.07046253979206085
469,0.08231712877750397
470,0.09359011054039001
471,0.08579175174236298
472,0.05623108148574829
473,0.09816138446331024
474,0.09184996783733368
475,0.11763199418783188
476,0.06411536037921906
477,0.07830390334129333
478,0.05236251652240753
479,0.07335387170314789
480,0.06438858807086945
481,0.06022109091281891
482,0.09686075896024704
483,0.09537006914615631
484,0.040736936032772064
485,0.07059600949287415
486,0.09043467044830322
487,0.045319899916648865
488,0.09271331131458282
489,0.09989473223686218
490,0.10687296837568283
491,0.07544989883899689
492,0.07429993152618408
493,0.152950257062912
494,0.08066718280315399
495,0.09172630310058594
496,0.05787711590528488
497,0.11057905107736588
498,0.10988199710845947
499,0.05476360023021698
500,0.038690924644470215
501,0.09141078591346741
502,0.028625430539250374
503,0.09431177377700806
504,0.11850304901599884
505,0.054314468055963516
506,0.10535635054111481
507,0.09561550617218018
508,0.07599303126335144
509,0.07230345904827118
510,0.12313978374004364
511,0.07357778400182724
512,0.1049295961856842
513,0.11712644249200821
514,0.06566189229488373
515,0.12047964334487915
516,0.0675036683678627
517,0.08756473660469055
518,0.11507642269134521
519,0.08491744101047516
520,0.09204289317131042
521,0.07932943105697632
522,0.09712226688861847
523,0.12863898277282715
524,0.07239312678575516
525,0.09505604207515717
526,0.10310578346252441
527,0.12358693778514862
528,0.06721960008144379
529,0.07569806277751923
530,0.05191432684659958
531,0.07909151911735535
532,0.08515606820583344
533,0.08629525452852249
534,0.15597499907016754
535,0.092646524310112
536,0.16312885284423828
537,0.09869600832462311
538,0.09926804900169373
539,0.10921294242143631
540,0.06022919341921806
541,0.11691002547740936
542,0.16440290212631226
543,0.12455067038536072
544,0.10053785145282745
545,0.14901214838027954
546,0.08824828267097473
547,0.1333635449409485
548,0.14011676609516144
549,0.05340083688497543
550,0.11800863593816757
551,0.10260079801082611
552,0.08394043892621994
553,0.1935853362083435
554,0.08398120105266571
555,0.12992966175079346
556,0.08390585333108902
557,0.1689736396074295
558,0.11526860296726227
559,0.06169920414686203
560,0.1071132943034172
561,0.09662829339504242
562,0.07562454044818878
563,0.1375913918018341
564,0.13745291531085968
565,0.09949501603841782
566,0.15722353756427765
567,0.1512361764907837
568,0.15069851279258728
569,0.14229817688465118
570,0.07992277294397354
571,0.12869977951049805
572,0.046946290880441666
573,0.08450426906347275
574,0.15944036841392517
575,0.13018698990345
576,0.14045241475105286
577,0.19224464893341064
578,0.08592292666435242
579,0.12446463108062744
580,0.12693507969379425
581,0.15746548771858215
582,0.17644855380058289
583,0.1487307995557785
584,0.16548746824264526
585,0.11238974332809448
586,0.09443098306655884
587,0.10641215741634369
588,0.20014634728431702
589,0.15637622773647308
590,0.14046809077262878
591,0.14338524639606476
592,0.19753441214561462
593,0.15437646210193634
594,0.09973068535327911
595,0.12377367913722992
596,0.18544016778469086
597,0.17988801002502441
598,0.15512555837631226
599,0.14584937691688538
600,0.10560710728168488
601,0.18884654343128204
602,0.16067293286323547
603,0.10756896436214447
604,0.1870303899049759
605,0.19304035604000092
606,0.08932460099458694
607,0.14073844254016876
608,0.0958307534456253
609,0.14774180948734283
610,0.1625124216079712
611,0.19552767276763916
612,0.20761185884475708
613,0.1191125214099884
614,0.17347845435142517
615,0.23989896476268768
616,0.08717333525419235
617,0.20460569858551025
618,0.15841543674468994
619,0.13232997059822083
620,0.16517741978168488
621,0.16707754135131836
622,0.17234143614768982
623,0.16983260214328766
624,0.25461530685424805
625,0.17094047367572784
626,0.08489584177732468
627,0.11353971064090729
628,0.19880926609039307
629,0.10670164972543716
630,0.1865283101797104
631,0.12416083365678787
632,0.17877531051635742
633,0.2081548571586609
634,0.2412840574979782
635,0.23920656740665436
636,0.12518885731697083
637,0.24196846783161163
638,0.1996236890554428
639,0.1356264054775238
640,0.14150285720825195
641,0.1826678067445755
642,0.1882173717021942
643,0.15318885445594788
644,0.12551850080490112
645,0.29149460792541504
646,0.14046157896518707
647,0.09444157779216766
648,0.21787945926189423
649,0.24615231156349182
650,0.10505645722150803
651,0.153731107711792
652,0.20145972073078156
653,0.18053138256072998
654,0.34412336349487305
655,0.228476420044899
656,0.1824783980846405
657,0.16952434182167053
658,0.23106907308101654
659,0.07673907279968262
660,0.21744471788406372
661,0.2618442177772522
662,0.20471827685832977
663,0.23483845591545105
664,0.17861875891685486
665,0.21993492543697357
666,0.17881986498832703
667,0.17451919615268707
668,0.23726297914981842
669,0.28507083654403687
670,0.08800815790891647
671,0.1853245347738266
672,0.15149681270122528
673,0.11372015625238419
674,0.19392487406730652
675,0.20335449278354645
676,0.21138671040534973
677,0.2840085029602051
678,0.12471649050712585
679,0.15819714963436127
680,0.28835806250572205
681,0.2596554458141327
682,0.22726289927959442
683,0.21249553561210632
684,0.22310346364974976
685,0.20509770512580872
686,0.2272356152534485
687,0.1930546760559082
688,0.20951542258262634
689,0.19910192489624023
690,0.16770146787166595
691,0.2164381444454193
692,0.2833109498023987
693,0.24976852536201477
694,0.2651021480560303
695,0.17227795720100403
696,0.18985790014266968
697,0.1650277078151703
698,0.19855834543704987
699,0.2705233693122864
700,0.15730291604995728
701,0.2998875081539154
702,0.21247640252113342
703,0.27979716658592224
704,0.32572999596595764
705,0.2828833758831024
706,0.19644135236740112
707,0.3803090453147888
708,0.31566673517227173
709,0.12768277525901794
710,0.24898581206798553
711,0.2628101706504822
712,0.24935612082481384
713,0.16953393816947937
714,0.2545430064201355
715,0.2899767756462097
716,0.18861247599124908
717,0.30491459369659424
718,0.2570183277130127
719,0.15900754928588867
720,0.2184963822364807
721,0.23425237834453583
722,0.315414696931839
723,0.2194252908229828
724,0.2198430597782135
725,0.2155241072177887
726,0.2560226023197174
727,0.2930561304092407
728,0.31275731325149536
729,0.3313310146331787
730,0.26939380168914795
731,0.22604624927043915
732,0.2061007171869278
733,0.26187312602996826
734,0.3061615526676178
735,0.2877321243286133
736,0.22203144431114197
737,0.2890881896018982
738,0.09426708519458771
739,0.3839212656021118
740,0.19233493506908417
741,0.2869676649570465
742,0.20136389136314392
743,0.23873622715473175
744,0.28014352917671204
745,0.3702305257320404
746,0.25708508491516113
747,0.3540198504924774
748,0.19132766127586365
749,0.20476508140563965
750,0.3421235680580139
751,0.3616647720336914
752,0.19978001713752747
753,0.232955664396286
754,0.2690189480781555
755,0.332555890083313
756,0.20188036561012268
757,0.46971142292022705
758,0.32679110765457153
759,0.35297882556915283
760,0.42991119623184204
761,0.4172379970550537
762,0.2932749390602112
763,0.3710564970970154
764,0.27929067611694336
765,0.24183686077594757
766,0.31755387783050537
767,0.3149545192718506
768,0.13272392749786377
769,0.2359497845172882
770,0.29150643944740295
771,0.2651600241661072
772,0.339396595954895
773,0.3582366108894348
774,0.14704881608486176
775,0.2442615032196045
776,0.2909800410270691
777,0.4041093587875366
778,0.3873246908187866
779,0.3599979281425476
780,0.2449541985988617
781,0.3935147523880005
782,0.3335069715976715
783,0.29385918378829956
784,0.2807565927505493
785,0.290360689163208
786,0.4667041301727295
787,0.3723588287830353
788,0.4006880521774292
789,0.49511078000068665
790,0.2735636830329895
791,0.26194217801094055
792,0.4628015458583832
793,0.2262372523546219
794,0.3183170557022095
795,0.38045600056648254
796,0.39752018451690674
797,0.37751588225364685
798,0.3168460726737976
799,0.28053009510040283
800,0.3902992010116577
801,0.46354565024375916
802,0.4717996120452881
803,0.4894748330116272
804,0.4036199152469635
805,0.3723530173301697
806,0.38623958826065063
807,0.5034695267677307
808,0.35437819361686707
809,0.29174551367759705
810,0.2813914120197296
811,0.3592396676540375
812,0.299653023481369
813,0.39002668857574463
814,0.3559456467628479
815,0.49187445640563965
816,0.27466028928756714
817,0.2497720569372177
818,0.4727139472961426
819,0.4467492699623108
820,0.3416788578033447
821,0.42287132143974304
822,0.36434438824653625
823,0.3336358666419983
824,0.36490392684936523
825,0.5611368417739868
826,0.4482347369194031
827,0.4779180586338043
828,0.28414541482925415
829,0.5413935780525208
830,0.5565240383148193
831,0.35526347160339355
832,0.31888633966445923
833,0.5355775356292725
834,0.3932122588157654
835,0.35535985231399536
836,0.3058423697948456
837,0.5371298789978027
838,0.49216851592063904
839,0.4979223310947418
840,0.29367733001708984
841,0.4750986695289612
842,0.4370900094509125
843,0.4186152517795563
844,0.31175005435943604
845,0.4503341317176819
846,0.5086566209793091
847,0.5018619298934937
848,0.371798574924469
849,0.36313533782958984
850,0.38467782735824585
851,0.2899370789527893
852,0.418648898601532
853,0.5818108916282654
854,0.3478687107563019
855,0.5131402015686035
856,0.6406797766685486
857,0.29277804493904114
858,0.3893178105354309
859,0.4638754725456238
860,0.5399363040924072
861,0.4836882948875427
862,0.4864097535610199
863,0.4617217481136322
864,0.30013227462768555
865,0.3914318084716797
866,0.4255791902542114
867,0.2616193890571594
868,0.5698525309562683
869,0.48942381143569946
870,0.5514975786209106
871,0.46574172377586365
872,0.49976444244384766
873,0.5598733425140381
874,0.5682604908943176
875,0.6576586961746216
876,0.5061322450637817
877,0.4932430386543274
878,0.5526689291000366
879,0.4001729190349579
880,0.48810291290283203
881,0.5416336059570312
882,0.44377174973487854
883,0.45804405212402344
884,0.4300349950790405
885,0.34587955474853516
886,0.3793746829032898
887,0.42462393641471863
888,0.5932735204696655
889,0.5996478796005249
890,0.5345866084098816
891,0.4530704617500305
892,0.4267202615737915
893,0.586050808429718
894,0.5820820331573486
895,0.46860337257385254
896,0.7904021739959717
897,0.5796090960502625
898,0.6723722219467163
899,0.3802582621574402
900,0.5137519836425781
901,0.5746886730194092
902,0.4906294345855713
903,0.5683297514915466
904,0.46022921800613403
905,0.5752092599868774
906,0.3614012598991394
907,0.507281482219696
908,0.6713060736656189
909,0.5550512075424194
910,0.5430790185928345
911,0.3902190327644348
912,0.34662574529647827
913,0.41418540477752686
914,0.5551317930221558
915,0.22496098279953003
916,0.6358526945114136
917,0.31636178493499756
918,0.3312969207763672
919,0.5362253189086914
920,0.5375403165817261
921,0.47853243350982666
922,0.6362942457199097
923,0.6945774555206299
924,0.5802925825119019
925,0.5876269340515137
926,0.5380293726921082
927,0.5179495811462402
928,0.561316192150116
929,0.280964732170105
930,0.5272727608680725
931,0.4319186508655548
932,0.5004186034202576
933,0.2965584695339203
934,0.5770620107650757
935,0.6829687356948853
936,0.555659830570221
937,0.3870096206665039
938,0.4430031478404999
939,0.4910733699798584
940,0.5319778919219971
941,0.36037665605545044
942,0.4723189175128937
943,0.6904977560043335
944,0.4471708834171295
945,0.6452393531799316
946,0.6220305562019348
947,0.5422461628913879
948,0.6272094249725342
949,0.7343099117279053
950,0.5731925368309021
951,0.5099189281463623
952,0.7226767539978027
953,0.5088539719581604
954,0.4095384478569031
955,0.6440306305885315
956,0.6908387541770935
957,0.6267436146736145
958,0.508142352104187
959,0.4078158140182495
960,0.649259090423584
961,0.6147104501724243
962,0.7193934917449951
963,0.4478030204772949
964,0.6027470827102661
965,0.6336632370948792
966,0.696021318435669
967,0.707844614982605
968,0.4949285387992859
969,0.6300171613693237
970,0.6173122525215149
971,0.6091370582580566
972,0.532267689704895
973,0.5755611658096313
974,0.8420594930648804
975,0.5270575284957886
976,0.46684688329696655
977,0.6502546072006226
978,0.6499472260475159
979,0.46775174140930176
980,0.9155546426773071
981,0.7086236476898193
982,0.6878254413604736
983,0.41321274638175964
984,0.5346940755844116
985,0.742688000202179
986,0.7100151181221008
987,0.8890979290008545
988,0.4316745102405548
989,0.5761464834213257
990,0.7336374521255493
991,0.6553720235824585
992,0.5170333385467529
993,0.5788601040840149
994,0.6931196451187134
995,0.6154649257659912
996,0.8658558130264282
997,0.7426067590713501
998,0.8294520974159241
999,0.4149059057235718
1000,0.7635902166366577
1001,0.9551738500595093
1002,0.8423323035240173
1003,0.6876448392868042
1004,0.5654040575027466
1005,0.44597235321998596
1006,0.49467897415161133
1007,0.5415977835655212
1008,0.6360076665878296
1009,0.6295918226242065
1010,0.6369966268539429
1011,0.6126840114593506
1012,0.45396682620048523
1013,0.8377651572227478
1014,0.7192380428314209
1015,0.3930666446685791
1016,0.7663856148719788
1017,0.5252056121826172
1018,0.48999640345573425
1019,0.6911332011222839
1020,0.8169288635253906
1021,0.5569089651107788
1022,0.8138132095336914
1023,0.8621081113815308
1024,0.8522282838821411
1025,0.6856804490089417
1026,0.7196784615516663
1027,0.47997814416885376
1028,0.7619162797927856
1029,0.5399723649024963
1030,0.7427701950073242
1031,0.6831169128417969
1032,0.8621351718902588
1033,0.6527175307273865
1034,0.6294146776199341
1035,0.7516579627990723
1036,0.700452446937561
1037,0.5775519609451294
1038,0.9597700834274292
1039,0.7776469588279724
1040,0.8098611831665039
1041,0.6034817695617676
1042,0.4585346281528473
1043,0.6858199834823608
1044,0.6842206120491028
1045,0.8629544973373413
1046,0.6226788759231567
1047,0.6460737586021423
1048,1.1354243755340576
1049,0.956334114074707
1050,0.4086935520172119
1051,0.5528525114059448
1052,0.7035298347473145
1053,0.9000722169876099
1054,0.6054050922393799
1055,0.969944953918457
1056,1.0617529153823853
1057,0.713524341583252
1058,0.6858457922935486
1059,0.7523789405822754
1060,0.5420795679092407
1061,0.6379621028900146
1062,0.7782694697380066
1063,0.8535568714141846
1064,0.6567651033401489
1065,0.546513557434082
1066,0.9126335978507996
1067,0.9540020823478699
1068,0.9580870866775513
1069,0.9447133541107178
1070,0.7789535522460938
1071,0.8233880400657654
1072,0.8514697551727295
1073,0.6212453842163086
1074,0.743507444858551
1075,0.5192276239395142
1076,0.5923066139221191
1077,0.8156791925430298
1078,0.9087343215942383
1079,0.755806565284729
1080,0.5148153305053711
1081,0.9598422050476074
1082,0.9546191692352295
1083,0.6892883777618408
1084,0.8064854145050049
1085,0.8780230283737183
1086,1.1436686515808105
1087,0.5896545648574829
1088,0.915473461151123
1089,0.9858792424201965
1090,0.5186718106269836
1091,1.0026473999023438
1092,1.103405237197876
1093,0.6954652070999146
1094,1.0112559795379639
1095,0.5619282722473145
1096,0.7943289875984192
1097,0.7897454500198364
1098,0.7214943766593933
1099,0.6396404504776001
1100,0.9774038791656494
1101,0.9217270016670227
1102,0.9537363052368164
1103,0.6966673135757446
1104,0.637251615524292
1105,1.0268646478652954
1106,1.0355980396270752
1107,0.7210345268249512
1108,0.7777613401412964
1109,0.6581800580024719
1110,1.1862012147903442
1111,0.7133395075798035
1112,0.9490379095077515
1113,0.9299341440200806
1114,0.589255154132843
1115,1.335296869277954
1116,0.8227693438529968
1117,0.7332299947738647
1118,0.8332929611206055
1119,1.0879220962524414
1120,1.2854474782943726
1121,1.044412612915039
1122,0.9445116519927979
1123,1.0946787595748901
1124,0.9460687041282654
1125,0.8931248188018799
1126,1.1331582069396973
1127,1.3366326093673706
1128,0.9377529621124268
1129,1.2110711336135864
1130,0.8535226583480835
1131,1.0631728172302246
1132,0.9927253723144531
1133,0.872895359992981
1134,0.8696172833442688
1135,0.7911547422409058
1136,1.051969051361084
1137,1.075864553451538
1138,1.1371970176696777
1139,1.4057197570800781
1140,1.1490627527236938
1141,0.7274719476699829
1142,0.9173156023025513
1143,0.8790837526321411
1144,1.1992930173873901
1145,0.9999257922172546
1146,0.6427930593490601
1147,1.1815747022628784
1148,0.8194020390510559
1149,0.9885787963867188
1150,0.8456757068634033
1151,0.6940087080001831
1152,0.6869107484817505
1153,0.7490041255950928
1154,0.6252437233924866
1155,0.9224905967712402
1156,0.9087405204772949
1157,1.3526160717010498
1158,1.432332158088684
1159,0.7204122543334961
1160,0.8623236417770386
1161,1.2815810441970825
1162,0.5013183355331421
1163,0.9642083048820496
1164,1.1651537418365479
1165,0.9578795433044434
1166,0.5112998485565186
1167,0.9768412113189697
1168,1.1753230094909668
1169,0.8677203059196472
1170,0.7644389867782593
1171,0.7979249954223633
1172,0.9029815793037415
1173,0.8368849158287048
1174,0.8445929884910583
1175,1.0732800960540771
1176,0.6616752743721008
1177,0.7936275005340576
1178,0.6308555603027344
1179,1.3572288751602173
1180,1.0678200721740723
1181,0.934152364730835
1182,0.9246485829353333
1183,1.1361593008041382
1184,0.7082940340042114
1185,1.402251958847046
1186,0.5508311986923218
1187,0.8632194995880127
1188,1.1557207107543945
1189,0.7593667507171631
1190,1.4474231004714966
1191,1.1125810146331787
1192,0.7921494841575623
1193,0.8575842976570129
1194,0.6052671670913696
1195,1.197082281112671
1196,1.389631986618042
1197,0.9031400680541992
1198,0.9073435664176941
1199,0.9793781042098999
1200,0.9884599447250366
1201,1.2639174461364746
1202,1.3066946268081665
1203,1.2993121147155762
1204,1.105640172958374
1205,1.1619150638580322
1206,0.6504690647125244
1207,0.817441463470459
1208,0.8719969987869263
1209,1.2339277267456055
1210,0.8977183103561401
1211,0.9267065525054932
1212,0.6641591787338257
1213,1.0413382053375244
1214,0.9442191123962402
1215,1.0870051383972168
1216,0.8110105991363525
1217,1.0643150806427002
1218,0.9285612106323242
1219,1.2928476333618164
1220,1.0689318180084229
1221,0.9920364618301392
1222,1.2939698696136475
1223,1.2329264879226685
1224,1.4121779203414917
1225,1.0815283060073853
1226,1.1338040828704834
1227,1.171767234802246
1228,1.339484691619873
1229,1.2411556243896484
1230,1.0186461210250854
1231,1.5624632835388184
1232,1.2191355228424072
1233,1.4002807140350342
1234,1.2226660251617432
1235,0.849974513053894
1236,0.7142989635467529
1237,1.357887625694275
1238,1.0683966875076294
1239,1.1653916835784912
1240,1.2362697124481201
1241,1.3449733257293701
1242,1.0874085426330566
1243,1.1083253622055054
1244,0.7951210737228394
1245,1.6574921607971191
1246,1.5316929817199707
1247,1.4206771850585938
1248,1.0551261901855469
1249,1.0322442054748535
1250,1.8599885702133179
1251,0.8781250715255737
1252,0.9001272916793823
1253,1.5369292497634888
1254,0.726662278175354
1255,1.1761560440063477
1256,1.5573768615722656
1257,1.1938319206237793
1258,1.2749897241592407
1259,1.3217008113861084
1260,0.8937404155731201
1261,1.5273654460906982
1262,1.4552065134048462
1263,0.6614845991134644
1264,1.5752086639404297
1265,1.6781803369522095
1266,1.4078088998794556
1267,1.048599123954773
1268,1.4936482906341553
1269,1.5793348550796509
1270,1.1192203760147095
1271,1.5903807878494263
1272,1.2590265274047852
1273,1.1196376085281372
1274,1.4699980020523071
1275,1.046343445777893
1276,1.0942108631134033
1277,1.9659899473190308
1278,1.4368507862091064
1279,1.4819645881652832
1280,1.4493396282196045
1281,1.3193035125732422
1282,1.1070564985275269
1283,1.2168155908584595
1284,1.7850923538208008
1285,1.3155708312988281
1286,1.4382355213165283
1287,1.373769998550415
1288,1.057600498199463
1289,1.2956424951553345
1290,1.095563530921936
1291,0.9943073987960815
1292,1.1828818321228027
1293,1.1388664245605469
1294,1.3104174137115479
1295,0.8628440499305725
1296,1.5147380828857422
1297,1.0496857166290283
1298,0.6531494855880737
1299,1.0005732774734497
1300,1.0728785991668701
1301,1.2391655445098877
1302,1.3439757823944092
1303,1.3291387557983398
1304,0.9066838026046753
1305,1.871619701385498
1306,1.1985948085784912
1307,1.734742522239685
1308,1.4154026508331299
1309,1.020702838897705
1310,1.1473246812820435
1311,1.142446756362915
1312,1.0644073486328125
1313,1.2996692657470703
1314,1.1743992567062378
1315,1.560157060623169
1316,1.7744451761245728
1317,1.2828609943389893
1318,1.391218900680542
1319,0.7138181924819946
1320,1.6746232509613037
1321,1.3391635417938232
1322,1.228055715560913
1323,1.3416748046875
1324,0.7174227237701416
1325,1.9206953048706055
1326,1.2009170055389404
1327,1.905873417854309
1328,1.1822702884674072
1329,1.0076475143432617
1330,2.1183834075927734
1331,2.3207590579986572
1332,1.1822423934936523
1333,1.269524335861206
1334,1.3704917430877686
1335,1.9943106174468994
1336,0.9774382710456848
1337,1.283557653427124
1338,1.8851550817489624
1339,1.536938190460205
1340,1.7619833946228027
1341,1.5780632495880127
1342,1.1690399646759033
1343,1.6347920894622803
1344,1.2060716152191162
1345,0.9406737685203552
1346,1.6281150579452515
1347,1.4886618852615356
1348,2.069636344909668
1349,1.1113805770874023
1350,1.5749516487121582
1351,1.842944860458374
1352,1.6605982780456543
1353,1.952925443649292
1354,1.8542159795761108
1355,1.0755829811096191
1356,2.0303945541381836
1357,1.7300397157669067
1358,2.000420570373535
1359,1.3076488971710205
1360,1.5954099893569946
1361,1.4385578632354736
1362,1.8080854415893555
1363,2.348470687866211
1364,1.6465928554534912
1365,1.067885160446167
1366,1.252370834350586
1367,1.8492965698242188
1368,1.7824037075042725
1369,1.4231857061386108
1370,1.4354311227798462
1371,1.551208257675171
1372,1.7723990678787231
1373,1.7640941143035889
1374,1.7765114307403564
1375,1.5196118354797363
1376,2.4817216396331787
1377,1.657620906829834
1378,1.5735690593719482
1379,1.6768957376480103
1380,1.757906198501587
1381,1.5555877685546875
1382,1.5478489398956299
1383,1.3638668060302734
1384,1.1436792612075806
1385,1.1145209074020386
1386,1.1710102558135986
1387,0.9715354442596436
1388,1.328789472579956
1389,1.7386343479156494
1390,1.9060394763946533
1391,1.8807364702224731
1392,1.2582788467407227
1393,2.0595054626464844
1394,1.2734270095825195
1395,1.2322967052459717
1396,1.4844319820404053
1397,2.2717652320861816
1398,1.761400580406189
1399,1.6538113355636597
1400,1.9622913599014282
1401,1.3116196393966675
1402,2.4377400875091553
1403,2.274101972579956
1404,2.0601487159729004
1405,2.037655830383301
1406,1.45454740524292
1407,1.778929352760315
1408,2.1364541053771973
1409,2.260784149169922
1410,3.315946340560913
1411,1.2103960514068604
1412,1.7756421566009521
1413,2.3413424491882324
1414,0.9264867305755615
1415,1.8649355173110962
1416,1.9429020881652832
1417,2.3185269832611084
1418,1.3487184047698975
1419,0.6164259910583496
1420,1.5872511863708496
1421,1.901531457901001
1422,2.0169501304626465
1423,2.0032577514648438
1424,2.239267110824585
1425,2.100259780883789
1426,2.1700072288513184
1427,1.8457427024841309
1428,1.8419755697250366
1429,1.346369981765747
1430,2.5079925060272217
1431,2.4615797996520996
1432,1.6808524131774902
1433,1.6758711338043213
1434,1.7583060264587402
1435,2.051868200302124
1436,2.208062171936035
1437,1.5326042175292969
1438,2.053225517272949
1439,1.4552674293518066
1440,3.132351875305176
1441,1.7734036445617676
1442,1.4588128328323364
1443,2.2144832611083984
1444,1.8845707178115845
1445,2.0368313789367676
1446,1.5083764791488647
1447,2.5648553371429443
1448,2.2701263427734375
1449,2.1252710819244385
1450,1.7256789207458496
1451,1.2149937152862549
1452,1.6509970426559448
1453,2.4892780780792236
1454,2.0941882133483887
1455,2.1853160858154297
1456,1.6127952337265015
1457,2.3354320526123047
1458,2.104990243911743
1459,2.549522876739502
1460,1.9495164155960083
1461,2.016639232635498
1462,1.9884750843048096
1463,1.3338197469711304
1464,2.1474199295043945
1465,1.9922574758529663
1466,2.2364702224731445
1467,2.099228620529175
1468,1.7635735273361206
1469,2.090092420578003
1470,2.5189480781555176
1471,2.862910270690918
1472,1.6543519496917725
1473,2.770453929901123
1474,2.125842571258545
1475,2.284552574157715
1476,2.7403364181518555
1477,2.366466760635376
1478,2.127871036529541
1479,2.2729439735412598
1480,2.9896793365478516
1481,1.5076100826263428
1482,2.5912342071533203
1483,2.2262332439422607
1484,1.809171438217163
1485,1.4461963176727295
1486,2.7310523986816406
1487,2.2862424850463867
1488,1.5648198127746582
1489,1.2050151824951172
1490,1.8685741424560547
1491,1.5146543979644775
1492,2.2901992797851562
1493,1.5637092590332031
1494,2.267333745956421
1495,2.2918930053710938
1496,1.5963401794433594
1497,1.8567478656768799
1498,1.5203065872192383
1499,2.343623161315918
1500,2.5245094299316406
1501,2.287475347518921
1502,2.1828064918518066
1503,2.2280325889587402
1504,2.711148738861084
1505,2.572756767272949
1506,1.9566051959991455
1507,2.4346232414245605
1508,2.1982178688049316
1509,2.413653612136841
1510,2.440642833709717
1511,1.865707278251648
1512,2.576228618621826
1513,2.531898260116577
1514,1.9132602214813232
1515,2.3481802940368652
1516,1.942711353302002
1517,2.159369468688965
1518,2.220083236694336
1519,1.3126914501190186
1520,2.359919786453247
1521,1.9071897268295288
1522,2.4891369342803955
1523,3.3736026287078857
1524,2.364595890045166
1525,3.3614792823791504
1526,2.8667917251586914
1527,3.330169200897217
1528,3.054314613342285
1529,3.5840206146240234
1530,2.353297233581543
1531,1.3054091930389404
1532,2.051384449005127
1533,2.2454757690429688
1534,2.5181334018707275
1535,3.477308750152588
1536,2.53360652923584
1537,2.346984386444092
1538,2.545626401901245
1539,2.3797879219055176
1540,2.263700246810913
1541,2.542041063308716
1542,2.619598388671875
1543,2.206352472305298
1544,2.7840089797973633
1545,1.8713444471359253
1546,2.4545223712921143
1547,3.251202344894409
1548,2.1114444732666016
1549,2.280717611312866
1550,2.1984081268310547
1551,2.197700023651123
1552,3.2858996391296387
1553,2.4176523685455322
1554,1.8239725828170776
1555,2.402876377105713
1556,2.50411057472229
1557,2.9983737468719482
1558,1.948952078819275
1559,2.946552276611328
1560,2.681825876235962
1561,2.660891532897949
1562,2.1706197261810303
1563,3.152655601501465
1564,2.3788533210754395
1565,2.699780225753784
1566,1.9204790592193604
1567,2.2524538040161133
1568,1.9505057334899902
1569,3.6531143188476562
1570,2.7712574005126953
1571,1.4253482818603516
1572,1.8118860721588135
1573,2.5466954708099365
1574,2.9225499629974365
1575,1.8900395631790161
1576,2.10129976272583
1577,2.282280921936035
1578,3.7721660137176514
1579,2.902838945388794
1580,2.401963949203491
1581,1.7985608577728271
1582,1.435060977935791
1583,1.8619271516799927
1584,2.7844126224517822
1585,2.32393217086792
1586,2.004829168319702
1587,2.55924654006958
1588,2.2569804191589355
1589,3.151639461517334
1590,2.4321746826171875
1591,3.185671806335449
1592,1.7268387079238892
1593,2.805579662322998
1594,2.651732921600342
1595,1.3944754600524902
1596,2.873516082763672
1597,2.5793795585632324
1598,2.7088093757629395
1599,2.2318217754364014
1600,3.3953561782836914
1601,3.3569602966308594
1602,2.2535898685455322
1603,2.44797945022583
1604,3.378293752670288
1605,2.063206434249878
1606,2.596223831176758
1607,3.579237937927246
1608,3.1559267044067383
1609,3.6758477687835693
1610,3.161703586578369
1611,3.0903632640838623
1612,2.4259352684020996
1613,2.650362968444824
1614,2.6403894424438477
1615,2.2588958740234375
1616,3.673985481262207
1617,2.717480182647705
1618,2.5612494945526123
1619,3.341705322265625
1620,2.8366525173187256
1621,2.65040922164917
1622,2.673240900039673
1623,2.6231703758239746
1624,2.9034485816955566
1625,2.8309977054595947
1626,2.8686413764953613
1627,3.012713670730591
1628,2.7908663749694824
1629,3.2410295009613037
1630,2.577195167541504
1631,2.86824893951416
1632,2.0769596099853516
1633,2.6655077934265137
1634,3.8431546688079834
1635,2.5261573791503906
1636,3.6168365478515625
1637,2.5742287635803223
1638,3.1098084449768066
1639,3.2939655780792236
1640,3.3490142822265625
1641,2.2674379348754883
1642,1.7465484142303467
1643,2.6313982009887695
1644,2.318469524383545
1645,3.7614073753356934
1646,2.7111127376556396
1647,2.6669983863830566
1648,3.3429441452026367
1649,3.919506549835205
1650,3.139191150665283
1651,2.2618255615234375
1652,1.5414259433746338
1653,4.262313365936279
1654,3.6335320472717285
1655,3.2599081993103027
1656,2.2093729972839355
1657,4.492611885070801
1658,3.0600221157073975
1659,2.4459900856018066
1660,2.8821585178375244
1661,3.308589220046997
1662,2.4447152614593506
1663,1.6085236072540283
1664,3.168147087097168
1665,2.472627639770508
1666,2.9646666049957275
1667,3.685432195663452
1668,3.4578638076782227
1669,2.770409107208252
1670,4.087785243988037
1671,2.8492379188537598
1672,2.391033172607422
1673,3.8041067123413086
1674,2.1863465309143066
1675,3.6211960315704346
1676,2.7253899574279785
1677,2.3505380153656006
1678,2.5767903327941895
1679,3.2110846042633057
1680,3.7799179553985596
1681,3.4449479579925537
1682,3.423628330230713
1683,3.9481921195983887
1684,4.123443126678467
1685,2.6860997676849365
1686,2.222409725189209
1687,4.131009101867676
1688,2.602160692214966
1689,2.966226100921631
1690,2.5616068840026855
1691,3.4231953620910645
1692,2.746675491333008
1693,2.716752529144287
1694,2.644282579421997
1695,4.433944225311279
1696,3.062776565551758
1697,4.189933776855469
1698,1.8044579029083252
1699,2.8598971366882324
1700,2.093489170074463
1701,3.1169204711914062
1702,2.937084674835205
1703,2.862262725830078
1704,3.353351593017578
1705,3.192532539367676
1706,3.3964357376098633
1707,2.053281307220459
1708,3.985814094543457
1709,1.8154622316360474
1710,3.9485347270965576
1711,3.157651662826538
1712,3.210430145263672
1713,3.8173327445983887
1714,2.5683841705322266
1715,3.2247581481933594
1716,2.1678829193115234
1717,2.7322657108306885
1718,3.009552478790283
1719,3.796060085296631
1720,3.6032066345214844
1721,4.300501823425293
1722,4.640110492706299
1723,3.6879143714904785
1724,3.7417261600494385
1725,4.348587989807129
1726,3.160778045654297
1727,3.7154455184936523
1728,2.1865456104278564
1729,3.595583438873291
1730,3.217133045196533
1731,3.585019111633301
1732,2.9722900390625
1733,3.720240831375122
1734,3.844020366668701
1735,4.246374130249023
1736,3.0734267234802246
1737,3.5762600898742676
1738,3.9680070877075195
1739,5.599847793579102
1740,2.80405592918396
1741,4.629083633422852
1742,2.510798931121826
1743,3.8777170181274414
1744,3.382572889328003
1745,4.138347148895264
1746,2.9165806770324707
1747,4.033837795257568
1748,3.683523178100586
1749,3.0078649520874023
1750,3.487187385559082
1751,4.878747463226318
1752,4.050790786743164
1753,2.981332778930664
1754,3.7759108543395996
1755,2.6508255004882812
1756,3.197848320007324
1757,2.3427367210388184
1758,4.487209320068359
1759,3.6552581787109375
1760,2.227760076522827
1761,3.705073595046997
1762,2.3173670768737793
1763,3.573268175125122
1764,4.534095764160156
1765,4.422699928283691
1766,4.295717716217041
1767,3.690474271774292
1768,4.755814552307129
1769,2.744858741760254
1770,1.5609409809112549
1771,3.7943267822265625
1772,4.344934463500977
1773,3.1392648220062256
1774,4.297314167022705
1775,4.471953392028809
1776,3.7197787761688232
1777,2.7330474853515625
1778,3.312934398651123
1779,4.258379936218262
1780,4.80238151550293
1781,4.630486965179443
1782,4.133534908294678
1783,3.8866186141967773
1784,3.054926872253418
1785,2.6133346557617188
1786,3.2715330123901367
1787,4.198991775512695
1788,5.3422112464904785
1789,3.5135436058044434
1790,4.568967819213867
1791,3.5134730339050293
1792,2.9343442916870117
1793,3.7893481254577637
1794,3.610841751098633
1795,3.6477856636047363
1796,5.352007865905762
1797,3.2889885902404785
1798,3.949702262878418
1799,3.6988444328308105
1800,3.7776639461517334
1801,5.136791706085205
1802,5.419480323791504
1803,4.208109378814697
1804,3.419217109680176
1805,5.693891525268555
1806,4.562835693359375
1807,4.930037975311279
1808,4.437183380126953
1809,4.267065048217773
1810,3.6431689262390137
1811,4.175833702087402
1812,3.4621763229370117
1813,3.6796579360961914
1814,5.546061038970947
1815,4.370157241821289
1816,4.1135663986206055
1817,4.3208465576171875
1818,4.279767036437988
1819,4.56406307220459
1820,4.302677154541016
1821,1.9452961683273315
1822,4.327834606170654
1823,3.374049663543701
1824,3.613346576690674
1825,4.1978912353515625
1826,1.9837225675582886
1827,4.707275390625
1828,3.307682991027832
1829,4.109506607055664
1830,4.947196960449219
1831,4.742689609527588
1832,4.4711012840271
1833,5.843277931213379
1834,3.5896081924438477
1835,4.9915771484375
1836,3.714364528656006
1837,3.5761513710021973
1838,4.503997802734375
1839,2.8969926834106445
1840,3.7849719524383545
1841,5.250496864318848
1842,4.924618721008301
1843,3.330235242843628
1844,3.4935338497161865
1845,3.2705118656158447
1846,3.728518486022949
1847,4.631466865539551
1848,2.7975571155548096
1849,3.9566757678985596
1850,5.243748664855957
1851,3.3594589233398438
1852,4.320947170257568
1853,4.7966179847717285
1854,5.759282112121582
1855,3.818188428878784
1856,5.837420463562012
1857,3.723343849182129
1858,4.562421798706055
1859,4.735598564147949
1860,3.3749454021453857
1861,5.785707473754883
1862,2.0602965354919434
1863,2.92781400680542
1864,3.87408447265625
1865,3.5853419303894043
1866,5.271246910095215
1867,6.272756576538086
1868,3.957347869873047
1869,5.75263786315918
1870,3.746305465698242
1871,4.814775466918945
1872,5.579117298126221
1873,5.073798179626465
1874,5.512144565582275
1875,4.451038360595703
1876,4.367284297943115
1877,5.280171871185303
1878,5.3102545738220215
1879,5.608268737792969
1880,3.773435354232788
1881,3.769730806350708
1882,5.937031269073486
1883,5.100986957550049
1884,3.7834458351135254
1885,5.080199718475342
1886,5.0567169189453125
1887,5.567227363586426
1888,2.9462475776672363
1889,4.16328239440918
1890,5.270817756652832
1891,3.324695110321045
1892,5.728475093841553
1893,5.0999250411987305
1894,5.048565864562988
1895,4.95906400680542
1896,7.275325775146484
1897,5.032148361206055
1898,5.140192985534668
1899,3.9493095874786377
1900,4.531116485595703
1901,4.485944747924805
1902,4.651209831237793
1903,3.929877758026123
1904,3.3937416076660156
1905,6.618096351623535
1906,4.393149375915527
1907,4.003904819488525
1908,6.802106857299805
1909,3.5465524196624756
1910,4.408380508422852
1911,5.190913200378418
1912,4.9729413986206055
1913,3.8930773735046387
1914,3.292921304702759
1915,7.587641716003418
1916,7.738595962524414
1917,3.6056416034698486
1918,4.595719337463379
1919,5.746434211730957
1920,3.065355062484741
1921,5.9318623542785645
1922,5.321184158325195
1923,3.1542844772338867
1924,6.296450614929199
1925,5.442889213562012
1926,4.513341903686523
1927,5.259590148925781
1928,3.2390880584716797
1929,6.144808769226074
1930,6.280618667602539
1931,2.9806923866271973
1932,4.933887481689453
1933,6.04075288772583
1934,3.9163055419921875
1935,2.6307592391967773
1936,5.117108345031738
1937,3.9130733013153076
1938,4.9965410232543945
1939,4.40194034576416
1940,3.34313702583313
1941,3.7607009410858154
1942,6.589428901672363
1943,6.491909503936768
1944,4.510810852050781
1945,5.43758487701416
1946,4.979672431945801
1947,6.033365249633789
1948,6.016964912414551
1949,3.767385721206665
1950,4.377820014953613
1951,4.465030670166016
1952,7.097822189331055
1953,4.516139030456543
1954,3.951493740081787
1955,3.3146324157714844
1956,4.676479339599609
1957,4.760233402252197
1958,5.693953037261963
1959,3.3292436599731445
1960,4.304184913635254
1961,3.3317065238952637
1962,4.362827301025391
1963,5.913728713989258
1964,4.720087051391602
1965,4.721498489379883
1966,6.601607322692871
1967,6.22971248626709
1968,3.8114852905273438
1969,7.763720989227295
1970,5.735729217529297
1971,5.0451459884643555
1972,5.297036170959473
1973,5.105862617492676
1974,6.134465217590332
1975,4.183816909790039
1976,6.051083564758301
1977,3.9914112091064453
1978,4.792047500610352
1979,4.651249885559082
1980,5.394458770751953
1981,5.568655490875244
1982,4.8834638595581055
1983,8.11552619934082
1984,4.296943664550781
1985,4.435060977935791
1986,5.875306606292725
1987,5.0470733642578125
1988,4.944250106811523
1989,5.504355430603027
1990,5.260587692260742
1991,4.616841793060303
1992,7.477591514587402
1993,3.6855568885803223
1994,5.50136137008667
1995,4.8806257247924805
1996,3.641036033630371
1997,5.154778957366943
1998,5.072650909423828
