,PV
0,14554.55304203676
1,14560.941810671653
2,14589.10629915573
3,14613.667891046714
4,14640.951682488172
5,14687.363094622013
6,14729.687234800716
7,14763.933187576904
8,14787.576626451286
9,14816.535666262964
10,14835.162293908666
11,14834.507071341517
12,14856.88840380366
13,14881.385584979116
14,14919.065712733922
15,14961.944871632497
16,15014.006054178451
17,15062.143235990003
18,15099.252452069777
19,15130.100288510315
20,15170.814398837429
21,15162.489343739824
22,15180.371219749326
23,15216.488797650256
24,15249.92263879586
25,15296.304017888087
26,15319.988331050332
27,15349.40287509327
28,15370.730614191125
29,15356.542642480434
30,15341.665993095901
31,15327.18389196701
32,15278.59729265306
33,15290.209419264542
34,15240.47145081879
35,15153.320599496936
36,15103.55554389193
37,15036.090090213005
38,14976.344085572495
39,15004.540401978993
40,15038.77805076999
41,15021.231577772378
42,15019.913654776668
43,14990.578844686635
44,14937.899489520754
45,14951.168605170744
46,14920.81680379104
47,14892.998902117128
48,14839.13288056506
49,14857.512158752126
50,14895.160421486222
51,14942.628875905057
52,15019.097688611662
53,15061.06646373459
54,15105.540617562372
55,15138.353952642377
56,15152.883895344024
57,15154.55729719073
58,15120.002051428775
59,15016.47734325967
60,14953.299712225049
61,14871.94744319671
62,14809.147546537237
63,14800.919764179605
64,14792.871787886997
65,14736.692098668915
66,14719.57567167235
67,14642.44902467512
68,14551.84166058648
69,14448.56702069578
70,14299.384430655573
71,14202.28357734998
72,14060.475211736302
73,13929.559997143308
74,13789.882195203587
75,13746.31750621072
76,13787.827628307476
77,13836.75693929573
78,13881.190272467938
79,13852.563962154287
80,13843.794487025527
81,13828.705991374722
82,13841.110659842248
83,13916.934190042952
84,13929.90169929807
85,13871.637041357168
86,13812.403925950974
87,13829.983758982271
88,13836.22503164424
89,13768.15215727676
90,13686.032703870627
91,13605.703231265608
92,13482.569455679688
93,13453.326119654845
94,13463.645136361789
95,13487.6954195281
96,13479.322247391445
97,13511.17418800691
98,13504.345893055928
99,13467.97816336876
100,13351.413240591464
101,13246.013483591858
102,13227.143935137634
103,13187.008582220542
104,13111.515977470193
105,13018.244338289776
106,12993.816392778526
107,13055.206086269322
108,13139.400522034519
109,13252.533301115134
110,13328.6651982453
111,13430.34979571544
112,13477.452301281915
113,13566.653918927213
114,13632.970624091551
115,13719.166924663004
116,13835.566794585102
117,13905.921842157726
118,13933.57494635351
119,13960.769283604608
120,14023.892489799218
121,14020.698453231173
122,13983.344423675499
123,13962.832252584492
124,13919.58967278276
125,13852.055715553473
126,13788.496403093148
127,13784.65432235288
128,13737.75393229266
129,13690.148734061573
130,13698.04253931436
131,13691.452953612092
132,13636.916185492057
133,13535.47977684839
134,13484.740791776298
135,13374.562412078423
136,13284.886721598343
137,13271.038582841913
138,13184.43431476847
139,13141.754335253836
140,13111.693334397129
141,13160.879615878006
142,13096.661599816907
143,12991.062211403281
144,12806.163798701218
145,12669.682978148277
146,12504.100156968598
147,12382.068432730677
148,12372.594469990563
149,12334.70089174865
150,12356.522624683195
151,12272.22751653873
152,12216.702272602348
153,12170.163083381674
154,12157.037785837487
155,12104.59624806472
156,12095.230802977912
157,12142.566799543252
158,12246.72143636944
159,12307.059373954504
160,12334.748558072428
161,12419.86698544164
162,12445.46500710736
163,12470.771826106586
164,12519.636552196862
165,12542.816646431536
166,12503.73463553263
167,12407.506300615343
168,12233.386686410293
169,12094.396600606156
170,12023.564681218268
171,11885.919440809996
172,11802.2526959305
173,11772.551253392729
174,11745.885850952734
175,11764.378665472856
176,11848.340044443865
177,11903.394447965597
178,11888.921314119743
179,11872.700382973137
180,11836.829390414892
181,11824.265186867236
182,11838.3696028737
183,11848.729059424444
184,11903.093804965963
185,11948.096408421292
186,11941.874058702924
187,11910.056268751532
188,11880.529062973117
189,11851.343827699871
190,11873.5219263803
191,11879.131956573377
192,11947.802288549534
193,12036.568323984571
194,12135.618409885963
195,12180.060307291922
196,12208.710042260434
197,12195.54315759831
198,12265.496923420207
199,12357.470605274488
200,12453.090727226412
201,12529.889912096169
202,12593.970151353245
203,12698.975804199941
204,12790.09437143815
205,12855.90435413058
206,12907.729190151662
207,12910.310105077997
208,12976.125724381363
209,13016.977281993211
210,13087.83666324941
211,13165.70282536812
212,13219.25514219252
213,13227.245518139754
214,13234.148252823856
215,13199.43085142476
216,13119.821461734591
217,13056.953179624452
218,13019.256394079792
219,13028.222360634165
220,12949.852682528204
221,12877.878731350602
222,12799.265791114383
223,12728.184002557475
224,12665.42828737455
225,12588.904096153643
226,12517.353084791082
227,12507.546513676258
228,12519.723544582313
229,12573.308993869086
230,12631.722038332073
231,12567.949675801785
232,12535.129536822464
233,12482.510358930289
234,12427.488584291237
235,12387.587201057147
236,12328.864239320164
237,12247.705443717177
238,12144.104922223823
239,12027.405101365628
240,11910.496790596893
241,11825.776043604292
242,11818.495428610346
243,11764.918247069845
244,11696.182068173071
245,11689.139782279952
246,11745.317321094672
247,11790.373769215807
248,11812.13785186037
249,11761.464519660469
250,11691.336235083067
251,11605.554906428828
252,11529.535643711726
253,11503.816261125006
254,11429.133123372234
255,11423.71932265859
256,11439.312891347427
257,11441.673679001928
258,11440.076753991976
259,11488.749583529288
260,11535.513067146161
261,11624.020753014513
262,11697.080388906797
263,11747.393422636847
264,11842.75559750689
265,11904.83804548362
266,11949.23184655549
267,11919.475269796116
268,11874.0104940839
269,11854.924173592084
270,11856.96727284819
271,11885.847994057727
272,11868.215552320078
273,12000.432348716547
274,12142.04488285911
275,12244.667083767137
276,12370.004643964618
277,12423.462952126185
278,12461.570942985652
279,12490.221139507035
280,12496.99127415192
281,12528.029865225006
282,12568.062961557529
283,12589.194890193232
284,12577.364346167898
285,12558.287214362415
286,12628.037744521565
287,12696.848490106328
288,12747.162443948406
289,12750.203856364651
290,12705.102861660846
291,12669.162349266822
292,12666.796193671715
293,12638.171759639354
294,12641.650545249242
295,12667.888943932701
296,12683.236724310078
297,12624.71037152793
298,12559.188808160723
299,12478.923284133005
300,12414.491512126802
301,12391.758526667183
302,12323.680027472948
303,12268.461576314032
304,12199.61588118401
305,12118.223512604764
306,12100.911556676287
307,12083.963306916623
308,12059.344740385992
309,12063.190163588202
310,12031.146870074313
311,12054.27358265386
312,12076.428769855305
313,12112.51270483831
314,12165.450474551675
315,12226.481488326395
316,12287.802010505711
317,12341.664867379699
318,12355.684171549325
319,12336.542080960835
320,12371.455732767685
321,12445.161464246019
322,12499.673418910108
323,12539.919564544365
324,12607.124618063302
325,12657.74167142662
326,12661.42956836024
327,12695.730265124112
328,12768.23933447637
329,12863.011606128217
330,12898.592349534601
331,12905.904475048914
332,12955.538936651534
333,12955.884088508225
334,12945.150147481883
335,12928.578029995133
336,12947.133583324157
337,12977.11812641154
338,13018.126399846671
339,13005.86770902087
340,12985.847830075381
341,12919.496992938162
342,12870.765402371348
343,12848.866843907592
344,12788.578930073607
