,Profitloss
0,-0.04534140830586564
1,0.0409733895631037
2,0.23242823449194372
3,0.418480728409687
4,0.6125461913972119
5,0.8724150598421021
6,0.2633281367803164
7,0.52355184169941
8,0.6861928793149064
9,0.9470195310133267
10,1.2139001404023242
11,0.07605246025355061
12,0.36880545185957736
13,0.6404857623295124
14,0.9924737341937773
15,1.312944839787522
16,0.35587425554799434
17,0.7093832648617404
18,0.9821946246328705
19,1.2376422402818
20,1.429700861005112
21,-0.08474820435715458
22,-0.026925097399477238
23,0.1616975605773341
24,0.28626022695976694
25,0.5308745253141955
26,0.12574559735869517
27,0.222691399219066
28,0.2866003764821601
29,0.11994140183231305
30,-0.14080106176344032
31,-0.20239323831533484
32,-0.6887945434913112
33,-0.7641470986134102
34,-1.2608478951337432
35,-2.0077036750139166
36,-0.3104433356208025
37,-0.7100258552183436
38,-1.0162570536648707
39,-0.7700816516536535
40,-0.4942819125782538
41,0.016019925507881894
42,0.12736868618563602
43,0.07205787986890311
44,-0.19859068929213297
45,-0.14700089437200692
46,-0.21509934684958987
47,-0.39567584077123685
48,-0.7388915537566598
49,-0.5117773217014676
50,-0.25754955848655836
51,0.3110587973163659
52,0.7530398090075607
53,1.025313287129892
54,1.266286005603301
55,1.470549441178881
56,0.08040955668424665
57,0.12035103224043997
58,-0.018149548929913273
59,-0.5770635874141505
60,-1.1004229232410512
61,-0.5914942389311784
62,-1.0311968596220633
63,-1.1328459001121338
64,-1.26558843593656
65,-1.748467471594728
66,-0.3526090080225086
67,-1.0185972326669623
68,-1.6652971713024267
69,-2.338736650905615
70,-3.313097542239418
71,-0.7000975867908599
72,-1.6533164562842262
73,-2.581516821453478
74,-3.5950332835696264
75,-3.931264775946408
76,0.2703002858525094
77,0.6131444533470809
78,0.9758700923220731
79,0.8345685716121043
80,0.7897794459874818
81,-0.05984041393333195
82,0.04516012537929548
83,0.5544790034604619
84,0.6087924569725622
85,0.1859040149161828
86,-0.451309063623051
87,-0.33906372070923174
88,-0.30445062042157023
89,-0.8017005147854195
90,-1.4149141777054397
91,-0.5778560327343696
92,-1.4253659524614104
93,-1.5907911780362882
94,-1.4551363414509244
95,-1.2165734278542284
96,-0.024816644678526956
97,0.24994668566342693
98,0.239834141744244
99,0.06038450179390864
100,-0.6532399908666053
101,-0.698077208038117
102,-0.7544571005311251
103,-0.949465926564963
104,-1.4319196780924193
105,-2.1275343825383985
106,-0.19601417803937204
107,0.23329544497607824
108,0.8222354192009673
109,1.6318726520250904
110,2.1793351957728246
111,0.7693003648135743
112,1.1371796571606252
113,1.7882158858809172
114,2.2778396651226496
115,2.909019772762189
116,0.8797855480412009
117,1.4161856237282944
118,1.6388130397826828
119,1.8264460903915314
120,2.2550499566290405
121,-0.0745039048526519
122,-0.42103433013616076
123,-0.6344505649906185
124,-0.9871180562737059
125,-1.497557051555487
126,-0.4595541371001266
127,-0.45589681729514275
128,-0.7595911027749813
129,-1.0764695660092527
130,-0.958809897033186
131,-0.03839718346030363
132,-0.46557546705759956
133,-1.3315879432623912
134,-1.8092227521090742
135,-2.6987573662443087
136,-0.7585834458519347
137,-0.9611398562118345
138,-1.6627660181372517
139,-2.0119351076194225
140,-2.297344579786653
141,0.2622060657520464
142,-0.29629330128082554
143,-1.1192121802245047
144,-2.449978124964969
145,-3.431702261038372
146,-1.2719597207726197
147,-2.228354062978577
148,-2.3649735495096302
149,-2.7176220177101085
150,-2.632151930137683
151,-0.8190309561866504
152,-1.3042141375332217
153,-1.6886552442298863
154,-1.7976951092445126
155,-2.2638872513752295
156,-0.10082137950983006
157,0.3082190073685265
158,1.2064537461179414
159,1.7593252339135779
160,2.0377631109553596
161,0.7681503598521822
162,1.0439602767712053
163,1.3324270704215824
164,1.8216031268009303
165,2.038494032484328
166,-0.28098406973436907
167,-1.000273233437332
168,-2.3519471058063846
169,-3.419595224550942
170,-3.9373450254059916
171,-1.1267375616467512
172,-1.758333696938641
173,-1.9268154871438403
174,-2.0874363882307123
175,-1.941220469074001
176,0.6995279384149233
177,1.1630051156767518
178,1.0462072766697306
179,0.9403474402962964
180,0.66779690555967
181,-0.06721209408332429
182,0.055676113701497165
183,0.19265084063737614
184,0.6794324888365955
185,1.0902362999801962
186,0.022910880869053685
187,-0.15222678125341726
188,-0.34666345733774806
189,-0.5189101309652777
190,-0.38319717031610745
191,0.019642125207663952
192,0.5626058309345705
193,1.2299695741585959
194,1.9868841974560958
195,2.402130616945408
196,0.2765220774856747
197,0.25206330357252504
198,0.8602942658727075
199,1.6764887555833052
200,2.541435646256196
201,0.6913323103122426
202,1.250487813849821
203,2.1054524848542533
204,2.835826200060465
205,3.2719486555062627
206,0.29451991400610833
207,0.28160922022935075
208,0.719941749948183
209,0.9973381996658315
210,1.5405758738693764
211,0.5834481508710132
212,0.9659398736975078
213,1.0182250839616547
214,1.0926567328406467
215,0.8163070519199733
216,-0.6191144867853438
217,-1.1396015783937785
218,-1.451615059662248
219,-1.383122358617206
220,-1.9616013479409555
221,-0.5708253593061152
222,-1.1860768035149238
223,-1.7551875087256308
224,-2.2622862755044992
225,-2.853909466763771
226,-0.5556282465885798
227,-0.6197383884639751
228,-0.5279629972092859
229,-0.12936021410741017
230,0.33084615192449096
231,-0.4607024398665227
232,-0.713412328254126
233,-1.1392290833765917
234,-1.5716176030306173
235,-1.8514817655430948
236,-0.41894141376893623
237,-1.0726099270548572
238,-1.907665481964349
239,-2.8275350941928457
240,-3.690546788307081
241,-0.6763765947989109
242,-0.7303754754202085
243,-1.147261902654606
244,-1.7153366859572694
245,-1.7338050781042447
246,0.5215242377692775
247,0.925351554039211
248,1.1503575012640876
249,0.6990852955525151
250,0.0650150992827836
251,-0.7478083780450007
252,-1.390102922986014
253,-1.5728162703916526
254,-2.213650276897694
255,-2.25636922539173
256,0.13664373487787262
257,0.13645646924846933
258,0.029431406385693748
259,0.3583293366950624
260,0.7678164428611245
261,0.7426199734084982
262,1.3321981487340873
263,1.6460766982271169
264,2.403515748679119
265,2.90003936661416
266,0.3685175353982384
267,0.11196730216123107
268,-0.27008172241483885
269,-0.4081561420726354
270,-0.3538675849447448
271,0.27417678005807744
272,0.1588160030716157
273,1.2521785409875363
274,2.4353776104031777
275,3.276773132801991
276,0.9942739599424266
277,1.5120932460538583
278,1.8540960645102578
279,2.145467930542133
280,2.216594845045372
281,0.2445501194346722
282,0.5696169616488334
283,0.7742908133035575
284,0.7066518158622026
285,0.5704543270222517
286,0.5363248773402773
287,1.1207369644289367
288,1.556419508328588
289,1.5706404215285241
290,1.2529523708723733
291,-0.2604546374255112
292,-0.2642608389111678
293,-0.45552862376389003
294,-0.3877616673327644
295,-0.1417081972914791
296,0.1750075026230702
297,-0.2080622205577698
298,-0.6776209904712727
299,-1.2617069354208477
300,-1.7413514072297076
301,-0.13206686348052887
302,-0.6035712411012972
303,-0.9876543277481664
304,-1.4549111102823864
305,-2.048838198390801
306,-0.11038615136781393
307,-0.24464009785107876
308,-0.4368672740453161
309,-0.38510017916104644
310,-0.631255002467479
311,0.20989372481909907
312,0.41631085323032835
313,0.7450104400937407
314,1.2246526956288584
315,1.6299820679350319
316,0.4432115017050098
317,0.8654566660522001
318,0.9940724830564296
319,0.8317845538867497
320,1.1417207462877554
321,0.6212662756718945
322,1.063161863208606
323,1.3754292067590823
324,1.93565698993734
325,2.4272022776399726
326,0.0747021776306811
327,0.39221394357304984
328,1.079713674495686
329,2.0364504089178004
330,2.472243463484869
331,0.19127275138706157
332,0.6839269678421855
333,0.7859070391359246
334,0.7370306097053358
335,0.6362782278212853
336,0.17552711828148215
337,0.4462257003609693
338,0.8371330712049652
339,0.7770407914399646
340,0.6116682058156853
341,-0.5302065203536488
342,-0.9120787912394124
343,-1.0826550111532107
344,-1.507893178115527
