,Jc
0,0.13652007281780243
1,0.24381253123283386
2,0.3523845970630646
3,0.46787333488464355
4,0.5896914601325989
5,0.7149022817611694
6,0.848806619644165
7,0.9748547077178955
8,1.114651083946228
9,1.2595040798187256
10,1.3939458131790161
11,1.5318362712860107
12,1.6642088890075684
13,1.8239514827728271
14,1.9860258102416992
15,2.1357522010803223
16,2.289755344390869
17,2.452164649963379
18,2.6602206230163574
19,2.8330273628234863
20,2.9897983074188232
21,3.206845760345459
22,3.3746187686920166
23,3.595366954803467
24,3.7621920108795166
25,3.901064395904541
26,4.088592052459717
27,4.265443801879883
28,4.427567481994629
29,4.619205474853516
30,4.795707702636719
31,4.899309158325195
32,5.006896018981934
33,5.173219203948975
34,5.244592666625977
35,5.342286109924316
36,5.320667266845703
37,5.4249749183654785
38,5.43003511428833
39,5.474493980407715
40,5.43780517578125
41,5.431987762451172
42,5.37077522277832
43,5.415160179138184
44,5.294243812561035
45,5.278799057006836
46,5.254434585571289
47,5.207623481750488
48,5.10252046585083
49,5.125445365905762
50,5.0168914794921875
51,4.983992099761963
52,4.929851055145264
53,4.85983943939209
54,4.798174858093262
55,4.809446334838867
56,4.787350177764893
57,4.723677158355713
58,4.709508419036865
59,4.642271995544434
60,4.639060974121094
61,4.625631332397461
62,4.540204048156738
63,4.489116668701172
64,4.464237689971924
65,4.398194313049316
66,4.420466423034668
67,4.346909523010254
68,4.3359808921813965
69,4.298690319061279
70,4.274811744689941
71,4.187463283538818
72,4.157041549682617
73,4.164304256439209
74,4.146224021911621
75,4.1063923835754395
76,4.061712265014648
77,4.062171936035156
78,4.052271366119385
79,4.0427045822143555
80,4.023054122924805
81,3.9632582664489746
82,3.9808688163757324
83,3.9439125061035156
84,3.966141700744629
85,3.914461851119995
86,3.882307291030884
87,3.859236240386963
88,3.858426094055176
89,3.7840371131896973
90,3.7924325466156006
91,3.749084949493408
92,3.727243423461914
93,3.730635643005371
94,3.686988592147827
95,3.737363815307617
96,3.6793341636657715
97,3.6845927238464355
98,3.651921272277832
99,3.669546604156494
100,3.627493381500244
101,3.626965284347534
102,3.6094307899475098
103,3.5881612300872803
104,3.581860303878784
105,3.57389497756958
106,3.570366621017456
107,3.5702807903289795
108,3.5525782108306885
109,3.53678822517395
110,3.531519889831543
111,3.491438865661621
112,3.5034711360931396
113,3.483297348022461
114,3.484783172607422
115,3.4404890537261963
116,3.443579912185669
117,3.427426338195801
118,3.4273085594177246
119,3.4045603275299072
120,3.392507553100586
121,3.367840051651001
122,3.3570094108581543
123,3.333789348602295
124,3.3196494579315186
125,3.331545352935791
126,3.2907567024230957
127,3.299194812774658
128,3.2694196701049805
129,3.28570556640625
130,3.2588202953338623
131,3.2473177909851074
132,3.231961727142334
133,3.238208770751953
134,3.211949110031128
135,3.216541051864624
136,3.2020347118377686
137,3.184617519378662
138,3.182880401611328
139,3.179441213607788
140,3.1497037410736084
141,3.1445884704589844
142,3.1389474868774414
143,3.135211944580078
144,3.1240651607513428
145,3.1188759803771973
146,3.098249673843384
147,3.0962438583374023
148,3.0938830375671387
149,3.094756603240967
150,3.078052520751953
151,3.077883720397949
152,3.053426504135132
153,3.057798385620117
154,3.0212767124176025
155,3.021209955215454
156,3.030639410018921
157,3.0107412338256836
158,3.007476329803467
159,2.991952896118164
160,3.0063490867614746
161,2.9807581901550293
162,2.961732864379883
163,2.9646997451782227
164,2.956723690032959
165,2.937551498413086
166,2.939228057861328
167,2.944918155670166
168,2.935088634490967
169,2.9221978187561035
170,2.9110896587371826
171,2.907851219177246
172,2.8845813274383545
173,2.8878588676452637
174,2.8891453742980957
175,2.8788187503814697
176,2.859846591949463
177,2.8620362281799316
178,2.8494014739990234
179,2.8449997901916504
180,2.83162784576416
181,2.8271169662475586
182,2.8254995346069336
183,2.811722755432129
184,2.8026514053344727
185,2.8001489639282227
186,2.798313856124878
187,2.8033618927001953
188,2.791658401489258
189,2.7882351875305176
190,2.775498628616333
191,2.771246910095215
192,2.7630491256713867
193,2.7641611099243164
194,2.7465548515319824
195,2.7439026832580566
196,2.7368664741516113
197,2.751966953277588
198,2.726609230041504
199,2.725764751434326
200,2.7266993522644043
201,2.7154200077056885
202,2.726027011871338
203,2.7189078330993652
204,2.7234113216400146
205,2.7081708908081055
206,2.6951193809509277
207,2.69753360748291
208,2.6905269622802734
209,2.6833245754241943
210,2.680389881134033
211,2.669325590133667
212,2.6651289463043213
213,2.654548168182373
214,2.6634738445281982
215,2.660087823867798
216,2.640535354614258
217,2.6465139389038086
218,2.6272873878479004
219,2.615177869796753
220,2.6254820823669434
221,2.6067419052124023
222,2.613849639892578
223,2.6223788261413574
224,2.6011860370635986
225,2.600951671600342
226,2.6051673889160156
227,2.609184503555298
228,2.6004743576049805
229,2.5947325229644775
230,2.598987579345703
231,2.590104579925537
232,2.5719213485717773
233,2.5751328468322754
234,2.576387882232666
235,2.575751304626465
236,2.5662879943847656
237,2.5739145278930664
238,2.558716297149658
239,2.5628271102905273
240,2.5626230239868164
241,2.5490262508392334
242,2.546365737915039
243,2.535963535308838
244,2.544395923614502
245,2.5515222549438477
246,2.5351195335388184
247,2.539677381515503
248,2.5355165004730225
249,2.5227646827697754
250,2.5226221084594727
251,2.5302252769470215
252,2.52610445022583
253,2.507547378540039
254,2.510791063308716
255,2.50539231300354
256,2.5110483169555664
257,2.49408221244812
258,2.4935569763183594
259,2.500354766845703
260,2.4900271892547607
261,2.48732852935791
262,2.5004725456237793
263,2.4966917037963867
264,2.489759922027588
265,2.485585927963257
266,2.478062152862549
267,2.474364757537842
268,2.4817962646484375
269,2.4708127975463867
270,2.466564178466797
271,2.47310733795166
272,2.4575839042663574
273,2.4653449058532715
274,2.4621293544769287
275,2.463219165802002
276,2.4518275260925293
277,2.4607667922973633
278,2.448073148727417
279,2.4500732421875
280,2.4456558227539062
281,2.4509389400482178
282,2.445401191711426
283,2.433345317840576
284,2.439242124557495
285,2.4309945106506348
286,2.43393874168396
287,2.4252543449401855
288,2.432440757751465
289,2.431955337524414
290,2.421018123626709
291,2.425534248352051
292,2.431394577026367
293,2.427155017852783
294,2.410576581954956
295,2.4017605781555176
296,2.4154038429260254
297,2.4107418060302734
298,2.4013752937316895
299,2.4024505615234375
300,2.397601366043091
301,2.3997645378112793
302,2.402066707611084
303,2.3908586502075195
304,2.393505573272705
305,2.3972835540771484
306,2.3862318992614746
307,2.396606206893921
308,2.3885300159454346
309,2.383284568786621
310,2.3852365016937256
311,2.3968310356140137
312,2.3896284103393555
313,2.3781542778015137
314,2.3895936012268066
315,2.3868064880371094
316,2.382957935333252
317,2.385915994644165
318,2.382537841796875
319,2.3786754608154297
320,2.3642711639404297
321,2.376315116882324
322,2.3669795989990234
323,2.3727385997772217
324,2.365760564804077
325,2.3597145080566406
326,2.3703675270080566
327,2.369060516357422
328,2.3523454666137695
329,2.36348295211792
330,2.3617236614227295
331,2.354766368865967
332,2.3551788330078125
333,2.357090473175049
334,2.357008934020996
335,2.3522400856018066
336,2.3498263359069824
337,2.338444232940674
338,2.3503611087799072
339,2.353695869445801
340,2.3253705501556396
341,2.3477301597595215
342,2.3295512199401855
343,2.3208956718444824
344,2.3261168003082275
345,2.319261074066162
346,2.3222830295562744
347,2.3244285583496094
348,2.325958251953125
349,2.321350574493408
350,2.3171935081481934
351,2.310438394546509
352,2.312865972518921
353,2.312542676925659
354,2.3091373443603516
355,2.3086161613464355
356,2.3129043579101562
357,2.312190055847168
358,2.313870429992676
359,2.3192477226257324
360,2.3152828216552734
361,2.3181748390197754
362,2.303673267364502
363,2.299537181854248
364,2.301774263381958
365,2.3141067028045654
366,2.295581102371216
367,2.301624298095703
368,2.29825496673584
369,2.3053531646728516
370,2.299260139465332
371,2.3116202354431152
372,2.29304838180542
373,2.2919275760650635
374,2.2972521781921387
375,2.301521062850952
376,2.2905468940734863
377,2.2929611206054688
378,2.282881259918213
379,2.291736125946045
380,2.2993056774139404
381,2.2829933166503906
382,2.2833096981048584
383,2.2794389724731445
384,2.2841734886169434
385,2.2848763465881348
386,2.274057388305664
387,2.2829551696777344
388,2.2761943340301514
389,2.2811670303344727
390,2.2816720008850098
391,2.272275686264038
392,2.269282341003418
393,2.272962808609009
394,2.278777599334717
395,2.272573709487915
396,2.281003475189209
397,2.2717809677124023
398,2.2616453170776367
399,2.2637927532196045
400,2.2722764015197754
401,2.2756457328796387
402,2.2699975967407227
403,2.2619481086730957
404,2.279146671295166
405,2.2703778743743896
406,2.2741191387176514
407,2.2694077491760254
408,2.266451358795166
409,2.256014585494995
410,2.266395330429077
411,2.267712116241455
412,2.26863956451416
413,2.257643222808838
414,2.274825096130371
415,2.2684385776519775
416,2.266784191131592
417,2.268477439880371
418,2.273559093475342
419,2.256802797317505
420,2.2636351585388184
421,2.259938955307007
422,2.2533295154571533
423,2.2682137489318848
424,2.255786418914795
425,2.256962776184082
426,2.247560977935791
427,2.2663025856018066
428,2.255502223968506
429,2.252619743347168
430,2.2490346431732178
431,2.260605812072754
432,2.2547528743743896
433,2.2445907592773438
434,2.2482423782348633
435,2.249007225036621
436,2.250002145767212
437,2.251380443572998
438,2.2369813919067383
439,2.239187002182007
440,2.2417795658111572
441,2.2430920600891113
442,2.2289204597473145
443,2.2387425899505615
444,2.245664119720459
445,2.2438197135925293
446,2.247028112411499
447,2.2442102432250977
448,2.2346932888031006
449,2.237210988998413
450,2.22757625579834
451,2.2165045738220215
452,2.2202367782592773
453,2.2325119972229004
454,2.2290735244750977
455,2.2266125679016113
456,2.2323098182678223
457,2.2291626930236816
458,2.233427047729492
459,2.2282886505126953
460,2.2384188175201416
461,2.2300026416778564
462,2.2256855964660645
463,2.2183656692504883
464,2.218630790710449
465,2.2269253730773926
466,2.2128658294677734
467,2.222195625305176
468,2.215574264526367
469,2.2253947257995605
470,2.2170934677124023
471,2.2104830741882324
472,2.2186591625213623
473,2.227184295654297
474,2.2145309448242188
475,2.22312331199646
476,2.2180519104003906
477,2.212799549102783
478,2.206484317779541
479,2.209077835083008
480,2.2145800590515137
481,2.2181272506713867
482,2.21883487701416
483,2.220125198364258
484,2.214416027069092
485,2.2129769325256348
486,2.2132649421691895
487,2.2062196731567383
488,2.2081189155578613
489,2.218942880630493
490,2.2054669857025146
491,2.2075276374816895
492,2.218751907348633
493,2.216365337371826
494,2.2110543251037598
495,2.212775230407715
496,2.2062158584594727
497,2.2209227085113525
498,2.210857629776001
499,2.2103936672210693
500,2.219204902648926
501,2.2192130088806152
502,2.2126407623291016
503,2.2126197814941406
504,2.211635112762451
505,2.196256637573242
506,2.2085838317871094
507,2.2078561782836914
508,2.2127790451049805
509,2.2121808528900146
510,2.217961311340332
511,2.2187156677246094
512,2.2141571044921875
513,2.2140614986419678
514,2.2133021354675293
515,2.2045085430145264
516,2.223177671432495
517,2.2203521728515625
518,2.2181601524353027
519,2.2172088623046875
520,2.224796772003174
521,2.2242939472198486
522,2.2163963317871094
523,2.206725597381592
524,2.2176804542541504
525,2.2131667137145996
526,2.209665298461914
527,2.202681064605713
528,2.2235145568847656
529,2.2181074619293213
530,2.221757650375366
531,2.222245693206787
532,2.2161688804626465
533,2.2101833820343018
534,2.219428777694702
535,2.2136647701263428
536,2.20778751373291
537,2.2158327102661133
538,2.2092885971069336
539,2.222254753112793
540,2.211886405944824
541,2.215000629425049
542,2.227689743041992
543,2.218665599822998
544,2.2170965671539307
545,2.216866970062256
546,2.2050952911376953
547,2.1977500915527344
548,2.206613540649414
549,2.2066256999969482
550,2.2082056999206543
551,2.217482805252075
552,2.1932969093322754
553,2.214139938354492
554,2.200782299041748
555,2.194310188293457
556,2.214789390563965
557,2.2081079483032227
558,2.2006397247314453
559,2.208171844482422
560,2.2032079696655273
561,2.2069530487060547
562,2.1978039741516113
563,2.197950839996338
564,2.2132370471954346
565,2.202078342437744
566,2.2025022506713867
567,2.1999549865722656
568,2.195242404937744
569,2.194979190826416
570,2.2180018424987793
571,2.213982343673706
572,2.210422992706299
573,2.2148590087890625
574,2.2056005001068115
575,2.205465316772461
576,2.197770595550537
577,2.1993155479431152
578,2.1892988681793213
579,2.1958749294281006
580,2.19612193107605
581,2.1980042457580566
582,2.2063474655151367
583,2.1962814331054688
584,2.193957805633545
585,2.193856954574585
586,2.19429874420166
587,2.1937379837036133
588,2.19966983795166
589,2.203728199005127
590,2.2000794410705566
591,2.203007698059082
592,2.2112669944763184
593,2.199580192565918
594,2.205294132232666
595,2.200913190841675
596,2.199404239654541
597,2.192199230194092
598,2.1942636966705322
599,2.1969003677368164
600,2.19757080078125
601,2.2093677520751953
602,2.200899600982666
603,2.2006752490997314
604,2.203047752380371
605,2.2047617435455322
606,2.201603651046753
607,2.199437141418457
608,2.1976871490478516
609,2.202315092086792
610,2.201915979385376
611,2.209096908569336
612,2.204444646835327
613,2.214362621307373
614,2.2111685276031494
615,2.2128806114196777
616,2.220742702484131
617,2.202681541442871
618,2.1949822902679443
619,2.2021002769470215
620,2.2003815174102783
621,2.2115705013275146
622,2.2163496017456055
623,2.206862449645996
624,2.206259250640869
625,2.1953721046447754
626,2.217587471008301
627,2.206463575363159
628,2.200916290283203
629,2.200202703475952
630,2.1989803314208984
631,2.1976921558380127
632,2.211242198944092
633,2.2069218158721924
634,2.2031500339508057
635,2.1967334747314453
636,2.1992766857147217
637,2.2004687786102295
638,2.202620506286621
639,2.1932053565979004
640,2.2011022567749023
641,2.1963415145874023
642,2.2177176475524902
643,2.201361656188965
644,2.2050583362579346
645,2.200291156768799
646,2.220980167388916
647,2.2050914764404297
648,2.216400623321533
649,2.205799102783203
650,2.208281993865967
651,2.2190237045288086
652,2.212536334991455
653,2.212653398513794
654,2.211927652359009
655,2.2197976112365723
656,2.219867706298828
657,2.219390392303467
658,2.214592933654785
659,2.214672565460205
660,2.217534303665161
661,2.2005083560943604
662,2.208475112915039
663,2.22015380859375
664,2.2151544094085693
665,2.2117648124694824
666,2.2110509872436523
667,2.208505153656006
668,2.2071943283081055
669,2.222827196121216
670,2.2190849781036377
671,2.216618537902832
672,2.2240312099456787
673,2.221907615661621
674,2.2175068855285645
675,2.21466064453125
676,2.22228741645813
677,2.234541416168213
678,2.229559898376465
679,2.2212209701538086
680,2.230076789855957
681,2.223764657974243
682,2.2182657718658447
683,2.224465847015381
684,2.2161216735839844
685,2.2284560203552246
686,2.220719575881958
687,2.2258355617523193
688,2.229692220687866
689,2.224480152130127
690,2.229421854019165
691,2.2293241024017334
692,2.2361695766448975
693,2.235870838165283
694,2.240680694580078
695,2.2271368503570557
696,2.2308053970336914
697,2.229980945587158
698,2.234231472015381
699,2.2325026988983154
700,2.227288007736206
701,2.222311019897461
702,2.221883535385132
703,2.2230472564697266
704,2.2244086265563965
705,2.21376371383667
706,2.226428985595703
707,2.2165884971618652
708,2.227477788925171
709,2.2232418060302734
710,2.2395424842834473
711,2.2338290214538574
712,2.224604845046997
713,2.22741436958313
714,2.225745677947998
715,2.2324650287628174
716,2.2310056686401367
717,2.2216084003448486
718,2.2378244400024414
719,2.232220411300659
720,2.2298030853271484
721,2.234083414077759
722,2.2401232719421387
723,2.235795021057129
724,2.2402358055114746
725,2.2264389991760254
726,2.2375638484954834
727,2.2367045879364014
728,2.232201099395752
729,2.245602607727051
730,2.240382432937622
731,2.2405340671539307
732,2.234367609024048
733,2.225680351257324
734,2.2347564697265625
735,2.2498393058776855
736,2.239140510559082
737,2.2491211891174316
738,2.242466688156128
739,2.2349095344543457
740,2.25390625
741,2.2486166954040527
742,2.25722599029541
743,2.2406065464019775
744,2.2380049228668213
745,2.241316795349121
746,2.246981382369995
747,2.2487082481384277
748,2.2550363540649414
749,2.244039535522461
750,2.2515339851379395
751,2.249983310699463
752,2.2508440017700195
753,2.2499985694885254
754,2.2580626010894775
755,2.249985694885254
756,2.236593246459961
757,2.256713390350342
758,2.246065616607666
759,2.242384910583496
760,2.2484383583068848
761,2.2473108768463135
762,2.249635696411133
763,2.2504982948303223
764,2.243645668029785
765,2.2416739463806152
766,2.2462973594665527
767,2.2463667392730713
768,2.258056640625
769,2.244091033935547
770,2.2479302883148193
771,2.2466392517089844
772,2.25105881690979
773,2.258227586746216
774,2.259054183959961
775,2.255000114440918
776,2.252392292022705
777,2.2460293769836426
778,2.2612481117248535
779,2.259093761444092
780,2.251314640045166
781,2.248849391937256
782,2.2611422538757324
783,2.24733829498291
784,2.2529091835021973
785,2.2590255737304688
786,2.2625656127929688
787,2.2545864582061768
788,2.2613894939422607
789,2.250492572784424
790,2.256983995437622
791,2.2740492820739746
792,2.257770538330078
793,2.27604341506958
794,2.265211343765259
795,2.2652721405029297
796,2.2643916606903076
797,2.269359827041626
798,2.266134262084961
799,2.269259452819824
800,2.2675604820251465
801,2.270988941192627
802,2.27321195602417
803,2.269659996032715
804,2.272658586502075
805,2.275289535522461
806,2.273343563079834
807,2.2664027214050293
808,2.265385389328003
809,2.2801666259765625
810,2.2654638290405273
811,2.279017925262451
812,2.274892807006836
813,2.269684314727783
814,2.2786107063293457
815,2.283398151397705
816,2.2739577293395996
817,2.2719316482543945
818,2.283301830291748
819,2.271965503692627
820,2.280026912689209
821,2.276951789855957
822,2.276116371154785
823,2.278977870941162
824,2.2821292877197266
825,2.286639451980591
826,2.289508819580078
827,2.2968192100524902
828,2.291818380355835
829,2.2759342193603516
830,2.289793014526367
831,2.287808418273926
832,2.295605182647705
833,2.2880983352661133
834,2.2802658081054688
835,2.2855122089385986
836,2.2936482429504395
837,2.2807202339172363
838,2.2865426540374756
839,2.2834901809692383
840,2.2854347229003906
841,2.29581356048584
842,2.285820960998535
843,2.2992961406707764
844,2.300032615661621
845,2.301717519760132
846,2.287642002105713
847,2.293588638305664
848,2.2929487228393555
849,2.299488067626953
850,2.3045785427093506
851,2.2889068126678467
852,2.273585796356201
853,2.2797441482543945
854,2.2832088470458984
855,2.28493070602417
856,2.2984118461608887
857,2.287599563598633
858,2.281928539276123
859,2.299957752227783
860,2.2893118858337402
861,2.2916207313537598
862,2.2852416038513184
863,2.2782256603240967
864,2.287015676498413
865,2.289179801940918
866,2.2824487686157227
867,2.2930727005004883
868,2.3036227226257324
869,2.309938669204712
870,2.3010566234588623
871,2.3004183769226074
872,2.307382345199585
873,2.30471134185791
874,2.292520046234131
875,2.298306941986084
876,2.299208402633667
877,2.298757553100586
878,2.3011903762817383
879,2.304818630218506
880,2.314605474472046
881,2.3171892166137695
882,2.305522918701172
883,2.312316417694092
884,2.3168885707855225
885,2.305820941925049
886,2.3045034408569336
887,2.298248291015625
888,2.305237054824829
889,2.312950611114502
890,2.306004285812378
891,2.314958333969116
892,2.3088107109069824
893,2.3037431240081787
894,2.314779281616211
895,2.3144264221191406
896,2.3035507202148438
897,2.314279556274414
898,2.312218427658081
899,2.3156251907348633
900,2.326076030731201
901,2.3213248252868652
902,2.3268587589263916
903,2.320681095123291
904,2.3288588523864746
905,2.3309597969055176
906,2.325241804122925
907,2.333462715148926
908,2.312483787536621
909,2.319768190383911
910,2.317777156829834
911,2.3385019302368164
912,2.3303699493408203
913,2.3171441555023193
914,2.3300132751464844
915,2.3258962631225586
916,2.334672689437866
917,2.345412492752075
918,2.3369386196136475
919,2.322094202041626
920,2.3217360973358154
921,2.3321754932403564
922,2.34704327583313
923,2.3460288047790527
924,2.3371405601501465
925,2.3367152214050293
926,2.3262135982513428
927,2.3404617309570312
928,2.3302316665649414
929,2.335908889770508
930,2.345919370651245
931,2.343262195587158
932,2.333876371383667
933,2.3326354026794434
934,2.3279478549957275
935,2.3338937759399414
936,2.333775281906128
937,2.338907480239868
938,2.3297576904296875
939,2.3225173950195312
940,2.336205005645752
941,2.315516948699951
942,2.327430009841919
943,2.3254342079162598
944,2.3304402828216553
945,2.3381102085113525
946,2.334846019744873
947,2.329617738723755
948,2.3428871631622314
949,2.330155372619629
950,2.337590456008911
951,2.3390605449676514
952,2.3354034423828125
953,2.3438587188720703
954,2.339076042175293
955,2.3327889442443848
956,2.346569061279297
957,2.3398232460021973
958,2.34293270111084
959,2.3303775787353516
960,2.3428125381469727
961,2.333559989929199
962,2.3336596488952637
963,2.3320376873016357
964,2.347064971923828
965,2.3498497009277344
966,2.353313446044922
967,2.348158836364746
968,2.3457727432250977
969,2.3426318168640137
970,2.3480420112609863
971,2.357537031173706
972,2.348926067352295
973,2.3459296226501465
974,2.3552792072296143
975,2.357614755630493
976,2.350118637084961
977,2.349156379699707
978,2.3378798961639404
979,2.3447458744049072
980,2.3377132415771484
981,2.351743698120117
982,2.3448753356933594
983,2.352846622467041
984,2.345503330230713
985,2.343749761581421
986,2.334545135498047
987,2.3558475971221924
988,2.3555197715759277
989,2.347248077392578
990,2.348170280456543
991,2.339372158050537
992,2.3499338626861572
993,2.3573079109191895
994,2.3548898696899414
995,2.352811098098755
996,2.356189250946045
997,2.3526480197906494
998,2.3525609970092773
999,2.3537375926971436
1000,2.3540661334991455
1001,2.36962890625
1002,2.379682779312134
1003,2.362198829650879
1004,2.3603062629699707
1005,2.3760242462158203
1006,2.37964129447937
1007,2.3855042457580566
1008,2.374224901199341
1009,2.379547119140625
1010,2.3872244358062744
1011,2.3790454864501953
1012,2.377199649810791
1013,2.370021343231201
1014,2.371464729309082
1015,2.3713841438293457
1016,2.371890068054199
1017,2.36458683013916
1018,2.358959197998047
1019,2.3684165477752686
1020,2.377959728240967
1021,2.364339828491211
1022,2.373619794845581
1023,2.382572889328003
1024,2.368513584136963
1025,2.3791775703430176
1026,2.368494749069214
1027,2.3845043182373047
1028,2.3643555641174316
1029,2.371375560760498
1030,2.380531072616577
1031,2.373744010925293
1032,2.3697454929351807
1033,2.372659683227539
1034,2.381380558013916
1035,2.384303569793701
1036,2.3804097175598145
1037,2.3817148208618164
1038,2.369994878768921
1039,2.3733980655670166
1040,2.3750076293945312
1041,2.3723063468933105
1042,2.3622608184814453
1043,2.374018669128418
1044,2.3801465034484863
1045,2.38240647315979
1046,2.373549461364746
1047,2.3829236030578613
1048,2.3878495693206787
1049,2.375473737716675
1050,2.390984058380127
1051,2.383645534515381
1052,2.382863759994507
1053,2.3792548179626465
1054,2.376394033432007
1055,2.3870296478271484
1056,2.3943800926208496
1057,2.3768386840820312
1058,2.385679244995117
1059,2.381289005279541
1060,2.38153076171875
1061,2.3822505474090576
1062,2.388660430908203
1063,2.378253221511841
1064,2.3817367553710938
1065,2.391232490539551
1066,2.373538017272949
1067,2.381194591522217
1068,2.3851919174194336
1069,2.3906373977661133
1070,2.384739398956299
1071,2.3964576721191406
1072,2.389237880706787
1073,2.3916666507720947
1074,2.389197826385498
1075,2.3853869438171387
1076,2.385347843170166
1077,2.3795645236968994
1078,2.379396915435791
1079,2.384547710418701
1080,2.3784892559051514
1081,2.380675792694092
1082,2.3814213275909424
1083,2.3691539764404297
1084,2.389861583709717
1085,2.3876500129699707
1086,2.3704428672790527
1087,2.3910269737243652
1088,2.38405704498291
1089,2.3825700283050537
1090,2.3843026161193848
1091,2.3921210765838623
1092,2.3827991485595703
1093,2.3963160514831543
1094,2.382425308227539
1095,2.3913745880126953
1096,2.3824996948242188
1097,2.387693405151367
1098,2.3816208839416504
1099,2.3820903301239014
1100,2.3704066276550293
1101,2.374156951904297
1102,2.371577024459839
1103,2.3818728923797607
1104,2.3742122650146484
1105,2.38441801071167
1106,2.3793296813964844
1107,2.3851544857025146
1108,2.37393856048584
1109,2.3604605197906494
1110,2.370941162109375
1111,2.3789453506469727
1112,2.3650665283203125
1113,2.377500057220459
1114,2.375523567199707
1115,2.3883461952209473
1116,2.3688769340515137
1117,2.382913827896118
1118,2.3885223865509033
1119,2.3856711387634277
1120,2.3842549324035645
1121,2.386906147003174
1122,2.382446765899658
1123,2.390791654586792
1124,2.3819010257720947
1125,2.388040542602539
1126,2.382749080657959
1127,2.3946471214294434
1128,2.3884544372558594
1129,2.3887228965759277
1130,2.3946280479431152
1131,2.383223533630371
1132,2.378727912902832
1133,2.3844690322875977
1134,2.391623020172119
1135,2.3704748153686523
1136,2.375074863433838
1137,2.3860039710998535
1138,2.3829455375671387
1139,2.3762569427490234
1140,2.4013004302978516
1141,2.3816986083984375
1142,2.3853955268859863
1143,2.3881797790527344
1144,2.3856287002563477
1145,2.3754844665527344
1146,2.383664131164551
1147,2.3915255069732666
1148,2.3809194564819336
1149,2.3871495723724365
1150,2.388029098510742
1151,2.389214038848877
1152,2.3858323097229004
1153,2.379568099975586
1154,2.389716386795044
1155,2.3812081813812256
1156,2.380612373352051
1157,2.39933443069458
1158,2.3848752975463867
1159,2.3962106704711914
1160,2.4039149284362793
1161,2.3921561241149902
1162,2.3951573371887207
1163,2.4043707847595215
1164,2.3968892097473145
1165,2.407698154449463
1166,2.391165256500244
1167,2.400012731552124
1168,2.394407033920288
1169,2.39986515045166
1170,2.388169288635254
1171,2.387178421020508
1172,2.37331485748291
1173,2.3909049034118652
1174,2.387129783630371
1175,2.375452995300293
1176,2.384376049041748
1177,2.3946590423583984
1178,2.384871006011963
1179,2.40169095993042
1180,2.393341541290283
1181,2.3940658569335938
1182,2.3902721405029297
1183,2.399725914001465
1184,2.3909969329833984
1185,2.3970296382904053
1186,2.3896899223327637
1187,2.395465850830078
1188,2.4085237979888916
1189,2.3854665756225586
1190,2.396256923675537
1191,2.3920531272888184
1192,2.3931093215942383
1193,2.3926947116851807
1194,2.391075372695923
1195,2.4094138145446777
1196,2.400125741958618
1197,2.390010118484497
1198,2.402224540710449
1199,2.3896617889404297
1200,2.390866279602051
1201,2.396230697631836
1202,2.4056711196899414
1203,2.3963561058044434
1204,2.3986852169036865
1205,2.409224033355713
1206,2.3999381065368652
1207,2.398322105407715
1208,2.4003498554229736
1209,2.402437210083008
1210,2.391998767852783
1211,2.3864858150482178
1212,2.3874120712280273
1213,2.404772996902466
1214,2.3821611404418945
1215,2.3947391510009766
1216,2.4152421951293945
1217,2.4059619903564453
1218,2.391721487045288
1219,2.4093494415283203
1220,2.4099488258361816
1221,2.4164552688598633
1222,2.3947675228118896
1223,2.4023594856262207
1224,2.4133615493774414
1225,2.4046454429626465
1226,2.412108898162842
1227,2.4147799015045166
1228,2.4180006980895996
1229,2.414736270904541
1230,2.392416477203369
1231,2.3986549377441406
1232,2.4035918712615967
1233,2.3992762565612793
1234,2.4118919372558594
1235,2.401683807373047
1236,2.4195098876953125
1237,2.400859832763672
1238,2.394500494003296
1239,2.405813217163086
1240,2.3989782333374023
1241,2.4015064239501953
1242,2.3941798210144043
1243,2.411039113998413
1244,2.3882875442504883
1245,2.397663116455078
1246,2.386396884918213
1247,2.3922510147094727
1248,2.396881103515625
1249,2.3960390090942383
1250,2.3949968814849854
1251,2.4163873195648193
1252,2.4016082286834717
1253,2.4056854248046875
1254,2.404928207397461
1255,2.3958826065063477
1256,2.4241714477539062
1257,2.40616512298584
1258,2.3944220542907715
1259,2.4134066104888916
1260,2.4236233234405518
1261,2.414062976837158
1262,2.405494213104248
1263,2.4084696769714355
1264,2.4035115242004395
1265,2.4023330211639404
1266,2.398219585418701
1267,2.3966541290283203
1268,2.3983261585235596
1269,2.4034271240234375
1270,2.392998456954956
1271,2.403040885925293
1272,2.4078004360198975
1273,2.403562545776367
1274,2.410367012023926
1275,2.4073593616485596
1276,2.4102606773376465
1277,2.423828125
1278,2.420161247253418
1279,2.4321956634521484
1280,2.4239883422851562
1281,2.410196304321289
1282,2.423851490020752
1283,2.424014091491699
1284,2.425480842590332
1285,2.4193291664123535
1286,2.4138407707214355
1287,2.406541347503662
1288,2.419801950454712
1289,2.4241275787353516
1290,2.411937952041626
1291,2.411334753036499
1292,2.417632579803467
1293,2.4094724655151367
1294,2.4171652793884277
1295,2.427546501159668
1296,2.434554100036621
1297,2.431532859802246
1298,2.437631845474243
1299,2.435354709625244
1300,2.426645278930664
1301,2.4040892124176025
1302,2.4259588718414307
1303,2.4210994243621826
1304,2.4167611598968506
1305,2.4174370765686035
1306,2.426669120788574
1307,2.4130287170410156
1308,2.409210681915283
1309,2.4166641235351562
1310,2.40639591217041
1311,2.418212413787842
1312,2.4208712577819824
1313,2.4160728454589844
1314,2.4131665229797363
1315,2.4239120483398438
1316,2.4115841388702393
1317,2.4243860244750977
1318,2.410771131515503
1319,2.415093421936035
1320,2.419145107269287
1321,2.4251019954681396
1322,2.4247031211853027
1323,2.422002077102661
1324,2.43123197555542
1325,2.42203426361084
1326,2.416595458984375
1327,2.417056083679199
1328,2.4315855503082275
1329,2.4216933250427246
1330,2.4271507263183594
1331,2.427664279937744
1332,2.440812349319458
1333,2.4323112964630127
1334,2.4350922107696533
1335,2.42387056350708
1336,2.439305305480957
1337,2.4395203590393066
1338,2.4308242797851562
1339,2.427450180053711
1340,2.422006368637085
1341,2.426788091659546
1342,2.41858172416687
1343,2.4267101287841797
1344,2.423980712890625
1345,2.428196668624878
1346,2.4288904666900635
1347,2.4362640380859375
1348,2.4296698570251465
1349,2.4309606552124023
1350,2.431065082550049
1351,2.4539239406585693
1352,2.446775436401367
1353,2.440718173980713
1354,2.4499480724334717
1355,2.4241034984588623
1356,2.429422378540039
1357,2.4317519664764404
1358,2.4357876777648926
1359,2.426072597503662
1360,2.446897029876709
1361,2.435849189758301
1362,2.430849075317383
1363,2.4348676204681396
1364,2.439415454864502
1365,2.445403575897217
1366,2.4503908157348633
1367,2.432405948638916
1368,2.4474542140960693
1369,2.455382823944092
1370,2.448561191558838
1371,2.446847915649414
1372,2.434638023376465
1373,2.4472436904907227
1374,2.4354233741760254
1375,2.4466261863708496
1376,2.441535472869873
1377,2.4415810108184814
1378,2.456193447113037
1379,2.44680118560791
1380,2.4437193870544434
1381,2.4572224617004395
1382,2.457712173461914
1383,2.4501242637634277
1384,2.446463108062744
1385,2.4498748779296875
1386,2.443121910095215
1387,2.451714515686035
1388,2.4412317276000977
1389,2.453364849090576
1390,2.4459261894226074
1391,2.450167179107666
1392,2.463118076324463
1393,2.4736275672912598
1394,2.4534964561462402
1395,2.4511005878448486
1396,2.460327625274658
1397,2.467679977416992
1398,2.458191394805908
1399,2.474343776702881
1400,2.4719457626342773
1401,2.467451810836792
1402,2.4653403759002686
1403,2.47926664352417
1404,2.4853124618530273
1405,2.472597122192383
1406,2.473141670227051
1407,2.4816083908081055
1408,2.468435764312744
1409,2.4766793251037598
1410,2.467848300933838
1411,2.469430923461914
1412,2.4659957885742188
1413,2.4803242683410645
1414,2.470925807952881
1415,2.4676966667175293
1416,2.4734973907470703
1417,2.475977897644043
1418,2.4691433906555176
1419,2.47623872756958
1420,2.483227252960205
1421,2.478964328765869
1422,2.4891457557678223
1423,2.4864749908447266
1424,2.505227565765381
1425,2.485779285430908
1426,2.497591018676758
1427,2.4936134815216064
1428,2.488046646118164
1429,2.481914520263672
1430,2.4846341609954834
1431,2.501258134841919
1432,2.4914159774780273
1433,2.4880330562591553
1434,2.48573637008667
1435,2.48404598236084
1436,2.4916515350341797
1437,2.4952585697174072
1438,2.5067081451416016
1439,2.491711139678955
1440,2.4870104789733887
1441,2.4998698234558105
1442,2.4895269870758057
1443,2.505856990814209
1444,2.4982900619506836
1445,2.50785231590271
1446,2.5000908374786377
1447,2.503450870513916
1448,2.4956982135772705
1449,2.51339054107666
1450,2.4828941822052
1451,2.499871253967285
1452,2.5104331970214844
1453,2.496495008468628
1454,2.517481565475464
1455,2.487823009490967
1456,2.5037198066711426
1457,2.5086026191711426
1458,2.5106115341186523
1459,2.5086989402770996
1460,2.503775119781494
1461,2.505520820617676
1462,2.514944553375244
1463,2.52410888671875
1464,2.506133794784546
1465,2.523885488510132
1466,2.502652406692505
1467,2.4906115531921387
1468,2.50795578956604
1469,2.5162298679351807
1470,2.5008254051208496
1471,2.5184683799743652
1472,2.515230655670166
1473,2.526122808456421
1474,2.5050711631774902
1475,2.5019190311431885
1476,2.520930290222168
1477,2.50955867767334
1478,2.509035587310791
1479,2.5162110328674316
1480,2.5119128227233887
1481,2.5235729217529297
1482,2.5268983840942383
1483,2.5335588455200195
1484,2.5228564739227295
1485,2.524217128753662
1486,2.518448829650879
1487,2.530702590942383
1488,2.520258903503418
1489,2.5213100910186768
1490,2.523420810699463
1491,2.52933406829834
1492,2.5278892517089844
1493,2.5219345092773438
1494,2.5226268768310547
1495,2.5225064754486084
1496,2.512584686279297
1497,2.537865161895752
1498,2.5199005603790283
1499,2.515554428100586
1500,2.5176501274108887
1501,2.515230417251587
1502,2.532017707824707
1503,2.527926445007324
1504,2.520705223083496
1505,2.5222573280334473
1506,2.5210964679718018
1507,2.5190165042877197
1508,2.531080961227417
1509,2.5365166664123535
1510,2.518040418624878
1511,2.531402587890625
1512,2.529575824737549
1513,2.5274672508239746
1514,2.526508331298828
1515,2.521993398666382
1516,2.5292465686798096
1517,2.5368499755859375
1518,2.536909580230713
1519,2.5421905517578125
1520,2.5603792667388916
1521,2.528815746307373
1522,2.533637523651123
1523,2.5269389152526855
1524,2.5323381423950195
1525,2.536821126937866
1526,2.529686689376831
1527,2.5359904766082764
1528,2.53106689453125
1529,2.5392909049987793
1530,2.5458498001098633
1531,2.558271884918213
1532,2.5509696006774902
1533,2.542212724685669
1534,2.543269395828247
1535,2.538515090942383
1536,2.548469066619873
1537,2.555967330932617
1538,2.545506715774536
1539,2.5543971061706543
1540,2.547872543334961
1541,2.5482735633850098
1542,2.5453884601593018
1543,2.536818027496338
1544,2.5307538509368896
1545,2.5359373092651367
1546,2.5422558784484863
1547,2.5355944633483887
1548,2.532564878463745
1549,2.5333595275878906
1550,2.536933422088623
1551,2.5418689250946045
1552,2.5342955589294434
1553,2.535400152206421
1554,2.547818660736084
1555,2.5234484672546387
1556,2.534234046936035
1557,2.53306245803833
1558,2.546020984649658
1559,2.537397861480713
1560,2.5443246364593506
1561,2.5370516777038574
1562,2.5343222618103027
1563,2.523923397064209
1564,2.5458219051361084
1565,2.5374643802642822
1566,2.5422680377960205
1567,2.5281569957733154
1568,2.5526647567749023
1569,2.5339765548706055
1570,2.5529215335845947
1571,2.5501492023468018
1572,2.536839008331299
1573,2.533663272857666
1574,2.543764114379883
1575,2.536529541015625
1576,2.5307090282440186
1577,2.5359153747558594
1578,2.536275863647461
1579,2.5355873107910156
1580,2.5467028617858887
1581,2.540308952331543
1582,2.5520124435424805
1583,2.552999258041382
1584,2.549268960952759
1585,2.5416226387023926
1586,2.541558265686035
1587,2.5452382564544678
1588,2.5327653884887695
1589,2.538188934326172
1590,2.544191837310791
1591,2.5195345878601074
1592,2.535658836364746
1593,2.5334219932556152
1594,2.528447151184082
1595,2.532337188720703
1596,2.5285847187042236
1597,2.548921585083008
1598,2.5299124717712402
1599,2.5446929931640625
1600,2.542808771133423
1601,2.5460755825042725
1602,2.5406155586242676
1603,2.5388946533203125
1604,2.540083408355713
1605,2.5463175773620605
1606,2.5372726917266846
1607,2.52750301361084
1608,2.549673557281494
1609,2.5593981742858887
1610,2.555828094482422
1611,2.545663833618164
1612,2.548330307006836
1613,2.548424243927002
1614,2.5422182083129883
1615,2.5508694648742676
1616,2.558079719543457
1617,2.54958438873291
1618,2.5589962005615234
1619,2.5689966678619385
1620,2.5500545501708984
1621,2.5472278594970703
1622,2.537118434906006
1623,2.557131290435791
1624,2.5571913719177246
1625,2.545133590698242
1626,2.5355427265167236
1627,2.552062511444092
1628,2.540576457977295
1629,2.543837070465088
1630,2.5568230152130127
1631,2.5418434143066406
1632,2.5323972702026367
1633,2.5389657020568848
1634,2.5417003631591797
1635,2.539494276046753
1636,2.5424163341522217
1637,2.550751209259033
1638,2.5471205711364746
1639,2.5305309295654297
1640,2.5405068397521973
1641,2.5514321327209473
1642,2.5337791442871094
1643,2.536738157272339
1644,2.528904676437378
1645,2.5395822525024414
1646,2.5186550617218018
1647,2.532862663269043
1648,2.546689748764038
1649,2.5294594764709473
1650,2.5411417484283447
1651,2.53487491607666
1652,2.531778573989868
1653,2.5389318466186523
1654,2.5345876216888428
1655,2.552884578704834
1656,2.5416135787963867
1657,2.5322837829589844
1658,2.5367469787597656
1659,2.53694748878479
1660,2.5386734008789062
1661,2.545229434967041
1662,2.544999599456787
1663,2.5514540672302246
1664,2.5432636737823486
1665,2.5431010723114014
1666,2.54276442527771
1667,2.536863327026367
1668,2.5432651042938232
1669,2.541184425354004
1670,2.5344762802124023
1671,2.554431915283203
1672,2.5350513458251953
1673,2.5373897552490234
1674,2.526860475540161
1675,2.532625675201416
1676,2.5340070724487305
1677,2.5372097492218018
1678,2.5253846645355225
1679,2.5340123176574707
1680,2.532266139984131
1681,2.5423340797424316
1682,2.533723831176758
1683,2.5441179275512695
1684,2.5372486114501953
1685,2.54364013671875
1686,2.5275042057037354
1687,2.5470800399780273
1688,2.53310489654541
1689,2.5195963382720947
1690,2.532775402069092
1691,2.536987543106079
1692,2.5202102661132812
1693,2.513953685760498
1694,2.5115773677825928
1695,2.524466037750244
1696,2.5317676067352295
1697,2.525967597961426
1698,2.5451221466064453
1699,2.5447568893432617
1700,2.531597137451172
1701,2.5453174114227295
1702,2.5300235748291016
1703,2.5411274433135986
1704,2.5354228019714355
1705,2.5308852195739746
1706,2.5194709300994873
1707,2.5390098094940186
1708,2.5358214378356934
1709,2.5240278244018555
1710,2.5275306701660156
1711,2.524071216583252
1712,2.5373127460479736
1713,2.523078441619873
1714,2.5211098194122314
1715,2.5328664779663086
1716,2.5297398567199707
1717,2.528508424758911
1718,2.5407679080963135
1719,2.5480098724365234
1720,2.53943133354187
1721,2.536912202835083
1722,2.51533842086792
1723,2.516275405883789
1724,2.5232930183410645
1725,2.530827522277832
1726,2.537099838256836
1727,2.5368051528930664
1728,2.553140163421631
1729,2.5391275882720947
1730,2.5356361865997314
1731,2.5357508659362793
1732,2.5596511363983154
1733,2.536783456802368
1734,2.5341761112213135
1735,2.544039487838745
1736,2.537260055541992
1737,2.5400748252868652
1738,2.540560483932495
1739,2.5363149642944336
1740,2.5434212684631348
1741,2.542942523956299
1742,2.5431785583496094
1743,2.5429091453552246
1744,2.545969009399414
1745,2.5472493171691895
1746,2.5393166542053223
1747,2.5276098251342773
1748,2.520538330078125
1749,2.541147232055664
1750,2.53121280670166
1751,2.5297353267669678
1752,2.5331432819366455
1753,2.5277464389801025
1754,2.544628143310547
1755,2.530735492706299
1756,2.5438356399536133
1757,2.53204345703125
1758,2.5567984580993652
1759,2.5383598804473877
1760,2.534666061401367
1761,2.536500930786133
1762,2.5418856143951416
1763,2.5287458896636963
1764,2.5351462364196777
1765,2.5493502616882324
1766,2.534359931945801
1767,2.532747507095337
1768,2.5474958419799805
1769,2.536792755126953
1770,2.545722484588623
1771,2.545820713043213
1772,2.531148672103882
1773,2.551896095275879
1774,2.5412068367004395
1775,2.5448992252349854
1776,2.5447802543640137
1777,2.544931650161743
1778,2.5380077362060547
1779,2.5491740703582764
1780,2.553920030593872
1781,2.5426619052886963
1782,2.5455260276794434
1783,2.541815996170044
1784,2.543663263320923
1785,2.542807102203369
1786,2.5445075035095215
1787,2.5566890239715576
1788,2.54227876663208
1789,2.547428607940674
1790,2.5485477447509766
1791,2.5281875133514404
1792,2.5412678718566895
1793,2.5335497856140137
1794,2.5288496017456055
1795,2.5563931465148926
1796,2.5573251247406006
1797,2.54250431060791
1798,2.5355615615844727
1799,2.53660249710083
1800,2.5500311851501465
1801,2.54038667678833
1802,2.5434646606445312
1803,2.556763172149658
1804,2.556967258453369
1805,2.5406785011291504
1806,2.543116807937622
1807,2.539246082305908
1808,2.545687675476074
1809,2.542605400085449
1810,2.5574684143066406
1811,2.5468294620513916
1812,2.5455918312072754
1813,2.5442662239074707
1814,2.5528745651245117
1815,2.5408594608306885
1816,2.542976140975952
1817,2.546647071838379
1818,2.530055046081543
1819,2.526791572570801
1820,2.5284225940704346
1821,2.526778221130371
1822,2.5353498458862305
1823,2.5523622035980225
1824,2.5295557975769043
1825,2.5365467071533203
1826,2.5527729988098145
1827,2.5395262241363525
1828,2.5460824966430664
1829,2.5485177040100098
1830,2.5345211029052734
1831,2.546826124191284
1832,2.544713258743286
1833,2.5474750995635986
1834,2.5530714988708496
1835,2.551837921142578
1836,2.551846742630005
1837,2.540213108062744
1838,2.55502986907959
1839,2.527949810028076
1840,2.551475763320923
1841,2.547919988632202
1842,2.538397789001465
1843,2.5552382469177246
1844,2.5397658348083496
1845,2.537705421447754
1846,2.538776397705078
1847,2.5455002784729004
1848,2.5484509468078613
1849,2.5541741847991943
1850,2.5432233810424805
1851,2.529736280441284
1852,2.5377044677734375
1853,2.5347790718078613
1854,2.5494680404663086
1855,2.5350706577301025
1856,2.5313236713409424
1857,2.5577492713928223
1858,2.5508809089660645
1859,2.535585403442383
1860,2.5449321269989014
1861,2.5438787937164307
1862,2.539562225341797
1863,2.5416603088378906
1864,2.528726100921631
1865,2.5415194034576416
1866,2.540070056915283
1867,2.5422067642211914
1868,2.539306640625
1869,2.5516350269317627
1870,2.54376220703125
1871,2.546445846557617
1872,2.549276828765869
1873,2.55483078956604
1874,2.5597667694091797
1875,2.55537748336792
1876,2.5655882358551025
1877,2.5637588500976562
1878,2.5502636432647705
1879,2.5625803470611572
1880,2.5704431533813477
1881,2.561030149459839
1882,2.570150375366211
1883,2.572836399078369
1884,2.5448737144470215
1885,2.556118965148926
1886,2.5465517044067383
1887,2.562699317932129
1888,2.5556020736694336
1889,2.5463080406188965
1890,2.552840232849121
1891,2.566821575164795
1892,2.5663387775421143
1893,2.5608437061309814
1894,2.5594401359558105
1895,2.5643465518951416
1896,2.553917407989502
1897,2.5623419284820557
1898,2.569484233856201
1899,2.54722261428833
1900,2.5544772148132324
1901,2.5529184341430664
1902,2.5589985847473145
1903,2.5547475814819336
1904,2.569368839263916
1905,2.581315517425537
1906,2.5656917095184326
1907,2.5731053352355957
1908,2.5712361335754395
1909,2.5760180950164795
1910,2.56715726852417
1911,2.568864583969116
1912,2.579907178878784
1913,2.578185558319092
1914,2.578047275543213
1915,2.567054271697998
1916,2.569471597671509
1917,2.5728468894958496
1918,2.5818068981170654
1919,2.5810999870300293
1920,2.58682918548584
1921,2.569734573364258
1922,2.56673002243042
1923,2.569934368133545
1924,2.5679783821105957
1925,2.57161808013916
1926,2.5753159523010254
1927,2.583817720413208
1928,2.5824055671691895
1929,2.564709186553955
1930,2.581155300140381
1931,2.570341110229492
1932,2.583085775375366
1933,2.5767455101013184
1934,2.5691208839416504
1935,2.5751233100891113
1936,2.5681324005126953
1937,2.5861458778381348
1938,2.5683157444000244
1939,2.5739524364471436
1940,2.5736184120178223
1941,2.5732035636901855
1942,2.577929973602295
1943,2.575540781021118
1944,2.5693535804748535
1945,2.570936679840088
1946,2.5890250205993652
1947,2.5709152221679688
1948,2.5756239891052246
1949,2.5647130012512207
1950,2.5834455490112305
1951,2.583176612854004
1952,2.5868418216705322
1953,2.5747838020324707
1954,2.579420328140259
1955,2.5892527103424072
1956,2.586507558822632
1957,2.5779194831848145
1958,2.574965715408325
1959,2.5786728858947754
1960,2.575572967529297
1961,2.5756289958953857
1962,2.5967531204223633
1963,2.582831621170044
1964,2.5833139419555664
1965,2.583878993988037
1966,2.5851197242736816
1967,2.5829918384552
1968,2.592235565185547
1969,2.589146137237549
1970,2.5908284187316895
1971,2.584315776824951
1972,2.591791868209839
1973,2.5911808013916016
1974,2.598543167114258
1975,2.5888309478759766
1976,2.599612236022949
1977,2.600216865539551
1978,2.5938034057617188
1979,2.605862617492676
1980,2.591291666030884
1981,2.5831806659698486
1982,2.59123158454895
1983,2.5900535583496094
1984,2.5777673721313477
1985,2.5832109451293945
1986,2.595560073852539
1987,2.587977409362793
1988,2.582066535949707
1989,2.5852794647216797
1990,2.583254337310791
1991,2.5969576835632324
1992,2.583958387374878
1993,2.6020114421844482
1994,2.5836496353149414
1995,2.5983283519744873
1996,2.5876352787017822
1997,2.61435866355896
1998,2.601473569869995
