,Jr
0,0.01820499077439308
1,0.013466142117977142
2,0.012287836521863937
3,0.009464120492339134
4,0.008497921749949455
5,0.006032968871295452
6,0.005176221951842308
7,0.002852302510291338
8,0.003182534361258149
9,0.004135853610932827
10,0.0016678186366334558
11,0.00021990854293107986
12,0.0019499312620609999
13,0.003176138736307621
14,0.000835415325127542
15,0.0010785111226141453
16,0.001625648932531476
17,0.001079745590686798
18,-0.0001698543201200664
19,0.000876723206602037
20,0.0019833920523524284
21,0.00537386629730463
22,-0.0005829946021549404
23,0.0036974770482629538
24,-0.0010898113250732422
25,0.0002865337301045656
26,0.0036384891718626022
27,0.0007573126349598169
28,0.00027406701701693237
29,0.0005268180975690484
30,0.003671329002827406
31,0.0015733065083622932
32,0.0020624666940420866
33,0.005178658291697502
34,0.0011353811714798212
35,-0.00102561479434371
36,0.005124337039887905
37,0.003574444679543376
38,0.004893790930509567
39,0.0015766136348247528
40,0.0044227163307368755
41,0.005692955572158098
42,0.00632507586851716
43,0.004930226132273674
44,0.0061649358831346035
45,0.0010745532345026731
46,0.0038941106759011745
47,0.0017885698471218348
48,0.005745217204093933
49,0.0040769730694592
50,0.0037062964402139187
51,0.0026449926663190126
52,0.010029960423707962
53,0.00680397916585207
54,0.006202333606779575
55,5.8043282479047775e-05
56,0.0048157284036278725
57,0.006359444465488195
58,0.007160241715610027
59,0.0035530715249478817
60,0.0068278843536973
61,0.0019282636931166053
62,0.004043369088321924
63,0.004785556346178055
64,0.005094902589917183
65,0.008568172343075275
66,0.006572231650352478
67,0.0037639839574694633
68,0.004930615890771151
69,0.0036662928760051727
70,0.005506387911736965
71,0.006709662266075611
72,0.0052196187898516655
73,0.011203385889530182
74,0.011618036776781082
75,0.004817403387278318
76,0.006489235907793045
77,0.006586644798517227
78,0.009463843889534473
79,0.009568516165018082
80,0.0060019949451088905
81,0.004018776584416628
82,0.0016705263406038284
83,0.0043944562785327435
84,0.006206635385751724
85,0.004369254224002361
86,0.009173918515443802
87,0.00394492968916893
88,-0.00022571429144591093
89,0.01014498621225357
