,PV
0,14586.850029592737
1,14596.314658593043
2,14590.004755782498
3,14604.332603530645
4,14613.94305853493
5,14647.35022470168
6,14679.5309194599
7,14700.626174975694
8,14698.954544378583
9,14701.288584635648
10,14672.730352738607
11,14643.730003167742
12,14586.825806493198
13,14536.53171833065
14,14489.764855940835
15,14484.422247862625
16,14439.947545531377
17,14398.443309121965
18,14295.715252223232
19,14218.707732057435
20,14209.09255131695
21,14182.739932232802
22,14154.531441553292
23,14137.921611636713
24,14172.868841942594
25,14195.264400393633
26,14237.926392806683
27,14268.51755691205
28,14304.468754268215
29,14332.911738262455
30,14365.083637533644
31,14389.581005103511
32,14408.944190378812
33,14402.828488492103
34,14431.685370605803
35,14458.936903941712
36,14484.128194304318
37,14500.410375869129
38,14543.890550973718
39,14588.489557693843
40,14633.80201569878
41,14653.965531334183
42,14658.970206124504
43,14687.028546045942
44,14692.93108870673
45,14717.657761514576
46,14759.62231944888
47,14788.960284303284
48,14835.149173002705
49,14884.349101756567
50,14941.578618415728
51,14999.00857204571
52,15038.834068287952
53,15072.516495395044
54,15117.47236757362
55,15149.477740054468
56,15172.771701902322
57,15172.418473050404
58,15198.597968535323
59,15223.820325386594
60,15236.455834430155
61,15239.298167829398
62,15228.644234246933
63,15213.535467679458
64,15181.57608139696
65,15194.513478918421
66,15225.474566526907
67,15264.069204388397
68,15326.328759729628
69,15370.600165190615
70,15380.287047003512
71,15405.50992794134
72,15444.09815943593
73,15485.177083567864
74,15515.945692221258
75,15566.039609918027
76,15611.401411306293
77,15672.258262260333
78,15707.022012313635
79,15742.910628357244
80,15751.601112438742
81,15752.454786869057
82,15756.785088312037
83,15767.066910219935
84,15763.328018690034
85,15731.236953038213
86,15688.134635504903
87,15650.109531341284
88,15644.567265207414
89,15678.043558006977
90,15729.2790586519
91,15782.497101179562
92,15805.548070884013
93,15857.945873733106
94,15912.77593970055
95,15937.522326751625
96,15955.23361306614
97,15976.06272950529
98,15995.654530773687
99,15997.882882902373
100,15991.631590667988
101,15992.583521021672
102,15984.936169492867
103,15969.162884423848
104,15945.32375173101
105,15952.517260030629
106,15965.999014639408
107,15953.394013682951
108,15896.757125991306
109,15853.035800243599
110,15845.735068827711
111,15866.321502578348
112,15874.253026737959
113,15859.090491595824
114,15771.253329388619
115,15712.834977743221
116,15647.075277487893
117,15602.15235218808
118,15516.124681670051
119,15474.414797609843
120,15448.212103721478
121,15453.115244540088
122,15443.285546300769
123,15417.927406832237
124,15403.590478539802
125,15425.173888036305
126,15489.47927944253
127,15545.781175683987
128,15612.508116790636
129,15685.891503514256
130,15747.32428741257
131,15811.997937329374
132,15861.458382534025
133,15927.17162988329
134,15984.223002805415
135,16010.052169514565
136,16059.784542822053
137,16123.701899346364
138,16187.438902138982
139,16255.168713332941
140,16320.319558891431
141,16400.869136712012
142,16462.501041292486
143,16514.995529403786
144,16546.546222222125
145,16527.624239437337
146,16525.053793340696
147,16545.810491443444
148,16561.944732800235
149,16601.529518455794
150,16623.885551229803
151,16647.246477499444
152,16668.201879174605
153,16647.66401418155
154,16614.311360278145
155,16589.83481901564
156,16526.547112346314
157,16531.324489980507
158,16468.39003277212
159,16357.778522147073
160,16310.958228068368
161,16230.7717072767
162,16164.83860444715
163,16192.820906495705
164,16226.762783262704
165,16210.863214353627
166,16220.474154882566
167,16207.545351678975
168,16157.625166512395
169,16177.826941012467
170,16140.577602990395
171,16099.993131335978
172,16032.035172345997
173,16037.625879354193
174,16065.332029451809
175,16107.869395783815
176,16178.961295510006
177,16223.716388013252
178,16271.543760424998
179,16301.596754398246
180,16314.192064539842
181,16318.321635019334
182,16290.171982502554
183,16186.219604625183
184,16110.283876543699
185,16020.632561495244
186,15950.822947728328
187,15941.514411737215
188,15931.976239017215
189,15864.320922973578
190,15815.548794703369
191,15713.64263030047
192,15607.972569243551
193,15487.702530560622
194,15331.294325638222
195,15236.940765599318
196,15095.544428294763
197,14964.265289409213
198,14831.148736139217
199,14793.066488009223
200,14840.267408295733
201,14897.50693507561
202,14953.886242077322
203,14932.904561624178
204,14934.595667071606
205,14920.561837076182
206,14935.095558170835
207,15006.835297248279
208,15005.133227766188
209,14931.627808189933
210,14864.005389020247
211,14872.639315699598
212,14870.7059589827
213,14792.895024941605
214,14700.940294180707
215,14616.881785145746
216,14493.052123026235
217,14475.713297110267
218,14496.222003906294
219,14526.127275103045
220,14521.210643864624
221,14560.896937215006
222,14562.627397047137
223,14534.281653818882
224,14430.79357554122
225,14316.571595060122
226,14299.961136484682
227,14258.980676922958
228,14174.981280372456
229,14075.401606467498
230,14053.538488111575
231,14121.840217820363
232,14215.538383400284
