,Profitloss
0,0.11964622280329351
1,-0.0013240792739566132
2,-0.08142933715560297
3,0.010767138706890833
4,0.004345735107413873
5,0.1646459725944016
6,0.17734934411475223
7,0.2629775106911092
8,0.24322616538294817
9,0.294976226781829
10,0.18658841042789032
11,-0.11284410158671765
12,-0.40930432842601894
13,-0.6777002364992568
14,-0.8859850291623061
15,-0.9139114077754251
16,-0.36995741075455113
17,-0.6730631393713438
18,-1.353836985230783
19,-1.9036367603737503
20,-1.8666454353456707
21,-0.07503900149360421
22,-0.21149432586721195
23,-0.28515528099201104
24,-0.06702619263831977
25,0.0832040049004723
26,0.3239984576648425
27,0.5275447435195257
28,0.7942635566644984
29,1.0111632627789469
30,1.2445699269771238
31,0.1903007233897469
32,0.3517191492089289
33,0.3540732994071094
34,0.5671300158386128
35,0.9236329620325501
36,0.32650948630352783
37,0.5730140743396284
38,0.9804421133475572
39,1.3380757295124113
40,1.6653303592246482
41,0.14578617810410144
42,0.20547311228242826
43,0.3992018335526204
44,0.42078219695096397
45,0.5528276233624618
46,0.2325831183326077
47,0.39773146254979963
48,0.6762614112600263
49,1.0009897530860234
50,1.3186329748657188
51,0.33050012437516596
52,0.5554643616295207
53,0.7767146478308229
54,1.0405461190861942
55,1.2319043989647893
56,0.16576543992754544
57,0.16418293135374018
58,0.3214744803715641
59,0.46928306021836175
60,0.5707323539947406
61,0.0584198485710008
62,-0.02074716282431943
63,-0.1560537649317406
64,-0.39276911293916195
65,-0.36451048488276294
66,0.21294522112913494
67,0.4674240626401538
68,0.8767416567816877
69,1.1539332925557755
70,1.214793315255247
71,0.16905969825333766
72,0.35772304320520476
73,0.5658596836398466
74,0.7172898428074559
75,0.9906329211677889
76,0.24352777934029124
77,0.5404749201232573
78,0.7160758849307225
79,0.9437231391075995
80,0.9646977002507162
81,-0.02504094508596344
82,-0.03394230177228286
83,0.04855369771601392
84,0.09293354282529087
85,0.010872302507758391
86,-0.21555963590451643
87,-0.3506258432223852
88,-0.347777160235363
89,-0.07394983271112876
90,0.24193772345295628
91,0.3216419846897134
92,0.5154019080160666
93,0.8827012212577978
94,1.276780143979117
95,1.5576455970072622
96,0.20703704757192298
97,0.4166337217899274
98,0.6495525233607413
99,0.727372656129277
100,0.7074611870310443
101,-0.006717564728719871
102,-0.0564411786272645
103,-0.10986353777069358
104,-0.18588307160555262
105,-0.13081434401249759
106,0.09140043498416794
107,0.014758680798965251
108,-0.34766219394797293
109,-0.6389437089418304
110,-0.692626863630752
111,0.15902875751823142
112,0.2668755151645774
113,0.26019127875644976
114,-0.20587925606641022
115,-0.6194660305060218
116,-0.41842553324952236
117,-0.6893770426023571
118,-1.2156099313432756
119,-1.4290402815021697
120,-1.5830244147290506
121,0.023632124076122807
122,-0.05268872374379896
123,-0.22116035696108094
124,-0.3617493819622508
125,-0.24880379331519986
126,0.38885968553625805
127,0.7454497995575737
128,1.1772621068823819
129,1.6485214988506858
130,2.048457560427286
131,0.4013747279705715
132,0.7075856661909574
133,1.1119459348134297
134,1.4710098271290217
135,1.6567220490023349
136,0.39249778221699394
137,0.8597967110930194
138,1.3172520594683546
139,1.8004516264706005
140,2.3585290051808094
141,0.5944064187673348
142,1.1237754021266033
143,1.584189672096037
144,1.874142505280374
145,1.8646669923257475
146,0.12497328950056286
147,0.3629574074941244
148,0.5501645969605784
149,0.8489875950796977
150,1.0141245934071952
151,0.15682207005749405
152,0.3594538249470425
153,0.2834780402127368
154,0.20512309621101288
155,0.12587444241376478
156,-0.3624266036591828
157,-0.28111676279768405
158,-0.6348661100262776
159,-1.2301809959591403
160,-1.5773560904154826
161,-0.47428616971590953
162,-0.862236754841661
163,-0.6273608045058165
164,-0.39264216460230816
165,-0.4466198916340036
166,0.10031480320991104
167,0.00834123482766902
168,-0.3014499519121028
169,-0.1685365262438676
170,-0.3489701162739056
171,-0.18484171940787997
172,-0.5360302188025079
173,-0.41747041404989194
174,-0.1812102543004901
175,0.13965273074556528
176,0.515042416169198
177,0.861872134801045
178,1.2111922619717275
179,1.4361405722694842
180,1.535269691312946
181,0.052681304523183314
182,-0.08875368126894934
183,-0.6949974526495484
184,-1.151020010946524
185,-1.7327872818812762
186,-0.44206078193920195
187,-0.5826295260078385
188,-0.696827509302278
189,-1.1912378260716006
190,-1.4706784294814867
191,-0.6705300419026949
192,-1.3929632703185924
193,-2.2343681248662817
194,-3.303203908075436
195,-4.024653292525116
196,-1.0414533489462752
197,-1.9520023257181052
198,-2.9236939371031334
199,-3.288436856983634
200,-3.0075236169407105
201,0.34155242881956926
202,0.738673457535155
203,0.4763502125435304
204,0.34639861129122096
205,0.18614185690219998
206,0.031616649040966394
207,0.5151433132666527
208,0.534529818985896
209,0.03838417859602927
210,-0.48212004405087105
211,0.00154397704192899
212,-0.03392515123553652
213,-0.5770958725391351
214,-1.1925798463535364
215,-1.7865710929055534
216,-0.9119381421860306
217,-1.1358327349165864
218,-1.0857791049416643
219,-0.9799067300673703
220,-1.1315337412676651
221,0.21318349079981758
222,0.15981580169650567
223,-0.048954880555029945
224,-0.8406178207762571
225,-1.5356314923101189
226,-0.08207927681568306
227,-0.36584645447832465
228,-0.9123915211288303
229,-1.6199146982090795
230,-1.7608559911710286
231,0.5007503549068426
232,1.1602447141049854
